$SPEC_ID:
No sample description was entered.
$SPEC_REM:
DET# 1
DETDESC# PRAK01 Easy-MCA-2k SN 15071856
AP# Maestro Version 7.01
$DATE_MEA:
01/01/2002 01:00:13
$MEAS_TIM:
33 33
$DATA:
0 511
       0
       0
       0
       0
       0
       0
       0
       0
       0
       0
       0
       0
       0
       0
       0
       0
       0
       0
       0
       0
       0
       0
       0
       0
       0
       0
       0
       0
       0
       0
       0
       0
       0
       0
       0
       0
       6
      12
      18
     114
     170
     175
     120
     111
      94
      97
      89
      80
      75
      75
     101
     138
     187
     281
     465
     588
     706
     800
     662
     540
     363
     259
     145
      84
      36
      21
      12
      10
      18
      20
      13
      13
      14
       4
      12
      16
      11
      17
      14
      20
       9
       6
      13
       5
      11
      12
       8
       9
      15
      15
      12
       6
       6
      17
      15
      15
       9
      10
       9
      13
      11
      15
      15
       9
      11
       9
       9
       9
       7
       7
      15
      10
      12
       6
      11
      14
      10
      11
      13
      16
      13
       9
      14
      13
      19
      15
      15
      20
      10
       6
      28
      15
      14
      11
      13
       7
      12
       8
      16
      18
      10
      12
      14
      16
      13
      12
       8
      14
      16
      14
      14
      18
      18
      11
      15
      16
      11
      13
      17
      16
       8
      10
      12
      20
      12
      15
       9
      14
      18
      13
      12
      17
      12
      21
      15
      12
      22
      11
      14
      15
      17
       7
      10
      14
      17
      18
      19
      16
      12
      16
      23
      11
      20
      15
      18
      15
      16
      12
      18
      12
      16
      21
      10
      21
      11
       7
      19
      10
      15
      16
      28
      18
       6
      17
      10
      17
      14
      18
       9
      22
      16
      18
      19
      20
      17
      11
      20
      12
      11
      17
      10
      16
      22
      15
      20
      17
      14
      20
      13
      20
      16
      18
      15
      15
      14
      10
      16
       8
      10
      11
      11
      13
      11
      12
      12
      15
      22
       6
      12
      18
      11
      13
      15
      18
      11
      10
      14
      10
      11
      14
       9
      15
       7
      17
      15
      11
       7
      10
      13
      11
      13
      15
      11
      16
      16
      12
      22
      12
      17
      17
      15
      12
      20
      14
      17
      14
      15
      10
      14
      17
      17
       9
       8
       9
      11
       9
      12
      12
      10
      14
      16
      18
      13
      12
       9
       9
      13
      12
      14
       6
      14
      11
      11
       9
      16
      16
      12
       9
       8
      13
      12
       2
       8
       9
      12
       9
      10
       9
      17
      21
      10
      18
      13
      12
      14
       9
      19
      13
       5
      12
       8
      17
       9
      13
      22
      11
      12
      15
      10
      14
      12
       7
      14
       9
      12
      15
      14
      22
       7
      14
      19
      12
      20
      16
      11
      12
      11
       9
      19
       9
      14
      11
      11
      23
       6
      17
      12
      16
      16
      15
      11
       9
      11
      17
      10
      13
      16
      17
      20
      11
      18
      15
      22
      17
      18
      12
      19
      12
      18
      13
       8
      16
      11
      17
      12
      15
      10
      14
      17
      18
       8
      11
      13
       8
      19
      12
      14
       9
      10
      13
      10
      19
      18
       6
      14
       9
       9
       8
      17
      15
      16
      12
      10
       9
      11
       6
      12
      10
       8
      14
      10
       9
       6
      10
       6
      14
       9
      10
      12
       4
       9
      12
      11
       4
       6
       1
       0
       0
       0
       0
       0
       0
       0
       0
       0
       0
       0
       0
       0
       0
       0
       0
       0
       0
       0
       0
       0
       0
       0
       0
       0
       0
       0
       0
       0
       0
       0
       0
       0
       0
       0
       0
       0
       0
       0
       0
       0
       0
       0
       0
       0
       0
$ROI:
1
147 177
$PRESETS:
None
0
0
$ENER_FIT:
0.000000 3.991138
$MCA_CAL:
3
0.000000E+000 3.991138E+000 0.000000E+000 keV
$SHAPE_CAL:
3
1.151547E+001 0.000000E+000 0.000000E+000
