$SPEC_ID:
No sample description was entered.
$SPEC_REM:
DET# 1
DETDESC# PRAK01 Easy-MCA-2k SN 15071856
AP# Maestro Version 7.01
$DATE_MEA:
01/01/2002 00:39:56
$MEAS_TIM:
42 42
$DATA:
0 511
       0
       0
       0
       0
       0
       0
       0
       0
       0
       0
       0
       0
       0
       0
       0
       0
       0
       0
       0
       0
       0
       0
       0
       0
       0
       0
       0
       0
       0
       0
       0
       0
       0
       1
       0
       0
       0
       7
      21
      98
     140
     154
     138
     140
     118
      92
     102
      83
     100
      78
      68
      94
     131
     163
     238
     340
     527
     611
     734
     712
     625
     448
     294
     158
      93
      44
      27
      23
      14
      14
      18
      11
      13
      13
      10
      12
      14
      10
      15
      14
      13
      14
      16
      11
      14
      18
      12
      10
      11
       6
       8
      14
      17
      19
      11
       4
      13
      12
      12
      10
      17
      11
      11
      14
      12
      15
       7
      11
      17
      14
      15
      17
      13
      15
      15
      10
      15
      18
      13
      11
      15
       8
      17
       8
      13
      19
      12
       8
      15
      14
      17
      16
       9
      12
      10
      17
      16
      14
      13
       8
      11
      23
      12
      14
       8
      12
      19
      14
       7
      11
      13
      14
      17
       8
      19
      16
       9
      12
       9
      14
      16
      20
      10
      11
       9
      16
      10
      11
      12
      17
      14
      14
      14
      20
      19
      18
      21
      19
       9
      20
      12
       7
      17
      16
      17
      13
      17
      15
      15
      14
      18
      10
      12
      13
      17
      19
      14
      26
      14
      18
      13
      16
      18
      20
      20
      17
      16
      18
      16
      14
      19
      17
      26
      12
      14
      14
      16
      14
      12
      19
      21
      13
      15
      17
      11
      23
      17
      19
      10
      20
      17
      14
      13
      15
       8
      18
      15
      23
      22
      16
      11
      14
      14
      11
       8
      12
      11
      13
       9
      10
      19
      22
      13
      19
      16
      15
      17
      15
      11
      15
       9
       2
      10
       8
       7
      12
      28
      14
      14
      15
      13
       9
      14
      13
      18
      15
      11
      17
       9
       9
      16
      16
      13
      11
      19
      16
      16
      10
      18
      17
      13
      14
      12
       9
      14
      14
      13
       8
       9
      18
      14
      20
      10
       8
      12
      16
      10
      11
      12
      11
      13
      10
      14
       8
      15
      14
      12
      13
      12
      15
      13
      15
      14
      10
       8
      12
       9
      14
      11
      17
      14
       5
      14
      10
      11
       6
      13
      15
      15
      14
       8
      10
      16
      13
      14
      15
      17
      15
      18
      10
      14
      12
      12
       8
      13
      11
      14
      13
       9
       6
      13
      14
      12
      12
      14
      10
      15
       6
      11
      22
      13
      14
      10
       5
      12
       9
      12
      12
      14
      16
      12
      12
      15
      14
      18
      10
       8
      17
       8
       5
       5
      13
      15
      13
      17
       7
      13
      13
       9
      19
      11
       9
      16
      13
      13
       8
      16
      19
       8
       9
      16
      14
      17
      18
      11
      12
      11
      12
      12
      15
      13
       7
      11
       2
      16
      11
      11
      13
       9
      13
       6
      12
      18
      16
      10
      12
      22
      11
      11
       9
       9
      13
      17
      12
      15
      15
      14
      16
      12
       7
       9
      13
      13
       9
      10
      14
      15
      13
      15
      14
      13
      13
       7
       9
       6
       2
       0
       0
       0
       0
       0
       0
       0
       0
       0
       0
       0
       0
       0
       0
       0
       0
       0
       0
       0
       0
       0
       0
       0
       0
       0
       0
       0
       0
       0
       0
       0
       0
       0
       0
       0
       0
       0
       0
       0
       0
       0
       0
       0
       0
       0
       0
$ROI:
1
147 177
$PRESETS:
None
0
0
$ENER_FIT:
0.000000 3.991138
$MCA_CAL:
3
0.000000E+000 3.991138E+000 0.000000E+000 keV
$SHAPE_CAL:
3
1.151547E+001 0.000000E+000 0.000000E+000
