$SPEC_ID:
No sample description was entered.
$SPEC_REM:
DET# 1
DETDESC# PRAK01 Easy-MCA-2k SN 15071856
AP# Maestro Version 7.01
$DATE_MEA:
01/01/2002 00:50:50
$MEAS_TIM:
38 38
$DATA:
0 511
       0
       0
       0
       0
       0
       0
       0
       0
       0
       0
       0
       0
       0
       0
       0
       0
       0
       0
       0
       0
       0
       0
       0
       0
       0
       0
       0
       0
       0
       0
       0
       0
       0
       0
       0
       0
       3
       6
      21
     102
     151
     151
     138
     106
      94
      89
      69
      82
      66
      62
      84
     108
     174
     277
     370
     541
     679
     691
     670
     531
     380
     235
     156
      71
      28
      24
      17
       9
       9
      10
      10
      15
      13
      10
      11
       7
      12
      17
      13
      14
      10
       9
      13
      12
       5
      11
      11
      10
      11
       9
      11
      14
      12
      13
       4
       9
      11
       7
      13
       9
      13
      14
      11
      12
       9
      14
       9
      11
       6
       9
      11
      13
       9
      13
      13
       8
       8
       9
      14
       9
      15
      16
       9
      16
      14
      14
      18
       6
       8
       8
      11
      13
      17
      13
      14
       6
       6
       8
      16
       8
      14
       5
      11
      14
       8
      11
      16
      16
      17
      17
      13
      15
      11
      21
      13
      15
      17
      13
      16
      16
      12
      20
      12
      19
       6
      12
      16
      12
      14
      13
      13
      13
      13
      11
      14
      15
      11
      20
      13
      16
      17
      16
      12
      10
      24
      17
      13
      11
      14
       9
      16
       6
      11
      18
      18
      15
      10
      20
      14
      15
      16
      10
      20
      15
      18
      22
      17
      14
      11
      16
      10
      15
      18
      16
       6
      13
      14
      16
      18
      21
      15
      17
      13
      14
      10
      14
      13
      17
      16
      24
      12
      11
      12
      14
      18
      13
      11
      13
      20
      17
      15
      17
      16
      13
      10
      10
      14
      17
      11
      17
      12
      15
       5
      17
      10
      15
      14
      12
      19
      11
      11
      18
      10
      12
       9
      17
      16
      13
      18
       7
      12
       9
      16
      24
      13
      13
      14
      14
      12
      13
      10
      15
      11
      10
      12
      18
      18
      13
       7
      12
      11
       8
      16
      16
      11
       8
      11
      13
       9
      10
      14
      11
      13
       6
       5
       7
      20
      15
      10
      13
      13
      11
      15
      12
       8
      16
      12
      19
      14
       8
      14
      10
       5
      13
      12
      10
      15
       9
      15
      13
      10
      14
      11
       7
       7
       6
      13
       5
      12
       9
      11
      17
      13
      10
      16
      16
      11
      15
      14
      15
      17
      15
       7
      15
      19
      11
      10
      15
       9
      16
      13
      14
       9
      12
      10
      11
      11
      14
      12
      11
      13
      10
      12
      18
      17
      11
       9
      16
       6
       8
      19
      11
      10
       9
       5
      14
       8
      18
      10
      10
      17
      15
      10
      12
      13
      10
      12
      12
      18
      17
       7
      10
      17
      19
      17
      14
      12
      15
      10
      10
      11
      19
      14
      12
      13
      16
      12
      14
      11
       9
       9
      13
       9
       9
      16
      11
      14
      12
      13
      17
      11
      11
       6
      15
      14
      15
       8
       9
       9
       7
      13
       5
      14
       9
      12
       7
       6
      18
       7
      10
      10
       7
      11
      13
      12
       6
       9
       8
      11
       9
       7
      10
      10
      13
       3
       0
       0
       0
       0
       0
       0
       0
       0
       0
       0
       0
       0
       0
       0
       0
       0
       0
       0
       0
       0
       0
       0
       0
       0
       0
       0
       0
       0
       0
       0
       0
       0
       0
       0
       0
       0
       0
       0
       0
       0
       0
       0
       0
       0
       0
       0
       0
$ROI:
1
147 177
$PRESETS:
None
0
0
$ENER_FIT:
0.000000 3.991138
$MCA_CAL:
3
0.000000E+000 3.991138E+000 0.000000E+000 keV
$SHAPE_CAL:
3
1.151547E+001 0.000000E+000 0.000000E+000
