$SPEC_ID:
No sample description was entered.
$SPEC_REM:
DET# 1
DETDESC# PRAK01 Easy-MCA-2k SN 15071856
AP# Maestro Version 7.01
$DATE_MEA:
01/01/2002 01:02:56
$MEAS_TIM:
39 39
$DATA:
0 511
       0
       0
       0
       0
       0
       0
       0
       0
       0
       0
       0
       0
       0
       0
       0
       0
       0
       0
       0
       0
       0
       0
       0
       0
       0
       0
       0
       0
       0
       0
       0
       0
       0
       0
       0
       0
       2
       6
      19
      95
     136
     138
     124
     112
     100
      77
      92
      66
      64
      59
      81
     132
     196
     289
     397
     533
     677
     659
     643
     464
     313
     202
     111
      69
      28
      18
      14
      11
      10
      18
       9
       7
      18
       9
      10
       9
      17
      11
      15
       9
      16
      11
       9
      13
       5
       6
      10
      12
       7
      11
      12
       3
      13
       8
      10
      14
      14
       9
       8
       9
      16
      11
      16
      18
      12
      14
      12
       7
      12
      13
      17
      15
      14
      19
       6
      19
       7
      14
      10
       9
      21
      12
      16
      20
       9
      15
      17
      13
       9
       9
      10
      19
      14
      16
      12
      13
      13
      11
      16
      15
      12
       8
       6
      13
       8
      11
      12
      11
      24
       8
      12
      15
      12
      14
      15
      19
      13
      17
      11
       8
      13
      14
      12
       6
      12
      15
      15
      13
      10
      18
      17
      15
      12
      19
      17
      20
      17
      10
      19
      23
      14
      13
      16
      16
      16
      18
      14
      19
      16
      12
      16
      15
      12
      18
      10
      19
      18
      24
      14
      18
      20
      20
      18
      13
      16
      11
      16
      20
      13
      22
      18
      18
      16
      16
      21
      18
      13
      11
      22
      14
      20
      16
      14
       9
      16
       9
      14
      15
      14
      12
      18
       9
      20
       9
      20
      10
      12
      15
      17
      11
      12
      11
      14
      12
      14
      14
       9
      15
      15
      13
      16
      14
      13
      13
      15
      11
      15
      15
      13
       7
      13
      15
      10
      21
       9
       5
      15
      16
      13
      12
      10
      21
      11
      14
      18
      11
      12
      13
      14
      13
       7
      14
      15
      15
       5
      15
      15
       9
      17
      10
      12
       9
      15
      10
       8
       9
      20
      19
      11
      19
      10
      13
      10
      15
      12
      11
      17
      13
      11
       9
      20
       6
      20
      10
       6
      14
      12
      12
      14
       9
      13
      16
      16
      11
      10
       6
      15
       7
      13
      15
      11
      12
      11
      12
      16
      14
      13
      10
       7
      13
       6
      13
      18
      17
       3
      10
      16
      15
      13
      11
      14
       8
       9
      16
      10
      13
      11
       9
      11
      10
      10
       9
      11
      10
      10
      12
      11
      14
      12
      13
      15
      21
       9
      13
       9
       7
      11
      12
      14
      17
       7
       9
      13
      10
      15
       5
       9
      15
      16
       8
       9
      17
      15
      14
      11
      12
       8
      13
       9
      22
      19
      11
       9
      12
      15
       8
      15
       6
      10
      10
      10
      17
       9
      11
      13
      20
      11
      13
      13
      14
       8
       9
      16
      22
       6
      13
      12
       9
      13
      10
      13
      12
      12
      13
      10
       3
      17
       7
       8
      13
       9
       6
       9
      12
       8
      14
       7
      12
       7
      10
      16
      13
       6
       8
       8
       8
      13
       9
       7
       9
       9
       6
       6
       6
       2
       0
       0
       0
       0
       0
       0
       0
       0
       0
       0
       0
       0
       0
       0
       0
       0
       0
       0
       0
       0
       0
       0
       0
       0
       0
       0
       0
       0
       0
       0
       0
       0
       0
       0
       0
       0
       0
       0
       0
       0
       0
       0
       0
       0
       0
       0
       0
$ROI:
1
147 177
$PRESETS:
None
0
0
$ENER_FIT:
0.000000 3.991138
$MCA_CAL:
3
0.000000E+000 3.991138E+000 0.000000E+000 keV
$SHAPE_CAL:
3
1.151547E+001 0.000000E+000 0.000000E+000
