$SPEC_ID:
No sample description was entered.
$SPEC_REM:
DET# 1
DETDESC# PRAK01 Easy-MCA-2k SN 15071856
AP# Maestro Version 7.01
$DATE_MEA:
01/01/2002 01:04:41
$MEAS_TIM:
42 42
$DATA:
0 511
       0
       0
       0
       0
       0
       0
       0
       0
       0
       0
       0
       0
       0
       0
       0
       0
       0
       0
       0
       0
       0
       0
       0
       0
       0
       0
       0
       0
       0
       0
       0
       0
       0
       0
       0
       0
       1
      14
      18
     104
     175
     138
     124
      87
      96
      98
      85
      84
      60
      74
      95
     133
     196
     303
     484
     619
     699
     700
     655
     468
     327
     224
     130
      50
      29
      19
      18
      12
      10
      14
      13
      14
       7
       9
      15
      16
       4
      18
      19
      16
      11
      13
      10
      15
      12
      11
      12
      11
      10
      20
       9
      19
      10
       7
      10
      14
      15
      13
      12
      10
      11
      13
      13
      18
      17
      13
      14
      10
      12
      14
      13
      17
      12
      19
       9
       9
       7
      12
      17
       8
      12
      14
      15
      13
      10
      11
      13
      14
      17
      17
      18
      15
      11
      13
      10
      12
      16
       7
       9
      15
       8
      13
       9
      13
      15
      20
      17
      17
      13
      19
      10
      11
      16
      16
      25
      11
      13
      14
      14
      13
      15
      11
      14
      19
      20
      12
      21
      14
      10
      23
      21
      20
      12
      19
      16
      18
      14
       9
      25
      24
      20
      17
       8
      13
      15
      16
      13
      18
      18
      15
      18
      16
      10
      13
      15
      27
      12
      19
      14
      14
      19
      22
      15
      15
      17
      17
      16
      21
      14
      13
      26
      15
      18
      15
      19
      19
      10
      12
      16
      20
      14
      23
      19
      15
      18
      20
      14
      12
      19
      26
      16
      15
      11
      11
      17
      12
      19
      15
      13
       7
      21
      15
      13
      11
      13
      12
      20
      10
      17
      17
      14
      15
       9
      10
      14
       7
      10
      20
      13
      15
      16
      15
      23
      10
       9
      12
      18
       9
      18
      13
       6
      11
      12
      10
      10
      16
      15
      14
      14
       8
       8
      11
      16
      16
      14
      17
      11
      10
      17
      14
      12
      15
      13
       9
       8
      13
      12
      13
      13
      15
      14
      14
       9
       6
       7
      14
      14
      18
      17
       7
      18
       9
      15
      10
       8
      16
       8
      10
       5
       7
      14
      11
      16
       9
      12
       9
      15
      13
      12
      12
      11
      14
      12
      19
      13
      18
      11
       7
      16
       9
      11
      16
       8
      17
      13
      15
      13
      15
      13
      11
      11
      10
       2
      12
      18
       9
      13
      24
      19
      11
      10
      17
       8
      18
      13
       7
      10
      11
      15
      15
      11
       9
       9
      11
       9
      14
      10
      14
      16
      16
      18
      17
      11
      23
      19
      12
      14
       9
      13
       8
      17
      11
      13
      15
      16
      11
      13
      22
      17
      12
      13
       7
       9
      18
      12
      21
       9
      15
       9
      18
      12
       7
      13
      21
      15
      14
      14
      13
      13
      10
       7
      17
       8
      13
       8
      10
       7
       7
      11
      15
      14
      11
      15
      15
      13
      14
      11
       5
      16
       8
      12
       4
      11
      13
      11
      13
       8
       8
      11
       7
      13
      11
      11
       6
       6
       8
       8
      10
       8
       4
       5
       5
       3
       9
       8
       0
       0
       0
       0
       0
       0
       0
       0
       0
       0
       0
       0
       0
       0
       0
       0
       0
       0
       0
       0
       0
       0
       0
       0
       0
       0
       0
       0
       0
       0
       0
       0
       0
       0
       0
       0
       0
       0
       0
       0
       0
       0
       0
       0
       0
       0
       0
$ROI:
1
147 177
$PRESETS:
None
0
0
$ENER_FIT:
0.000000 3.991138
$MCA_CAL:
3
0.000000E+000 3.991138E+000 0.000000E+000 keV
$SHAPE_CAL:
3
1.151547E+001 0.000000E+000 0.000000E+000
