$SPEC_ID:
No sample description was entered.
$SPEC_REM:
DET# 1
DETDESC# PRAK01 Easy-MCA-2k SN 15071856
AP# Maestro Version 7.01
$DATE_MEA:
01/01/2002 00:55:25
$MEAS_TIM:
38 38
$DATA:
0 511
       0
       0
       0
       0
       0
       0
       0
       0
       0
       0
       0
       0
       0
       0
       0
       0
       0
       0
       0
       0
       0
       0
       0
       0
       0
       0
       0
       0
       0
       0
       0
       0
       0
       0
       0
       0
       3
       8
      18
     105
     181
     148
     117
     103
     118
      91
      68
      69
      73
      70
      79
     109
     184
     286
     407
     562
     669
     690
     631
     488
     352
     217
     111
      69
      35
      27
      18
      10
      14
      12
      14
      10
      16
      17
      12
      10
      12
      19
      20
      14
      13
       8
      12
      14
      18
      16
      14
      14
       9
      11
      14
       7
      11
       9
      13
       8
       7
      13
      15
      15
      14
       9
      11
      16
       9
      12
      11
      14
      13
      17
      12
      13
      12
       9
      13
      16
      12
      17
      14
      12
      10
      16
      15
      13
      10
      17
      14
      11
       9
      19
      16
      20
      23
      14
      12
      12
      11
      13
      14
      18
      14
      11
       8
      10
      19
      11
      12
      10
      16
      16
      20
      14
      16
      11
      17
      11
      11
      14
      15
      12
      24
      10
      15
      13
      20
      16
      24
       8
      15
      10
      15
      16
      17
      14
      18
      12
      18
      16
      16
      13
      17
      17
      14
       6
      13
      22
      15
      19
      14
      14
      23
      14
      12
      14
      19
      19
      12
      19
      18
      15
      12
      11
      15
      13
      12
      16
      18
      13
      16
      10
      17
      19
      16
      18
      18
      18
      28
      13
      13
      14
      13
      28
      10
      13
      10
      12
      18
      13
      21
      15
      15
      11
      16
      26
      12
      16
      18
      16
      12
      12
       6
      15
      14
      14
      14
      20
      14
      22
       8
       8
      14
      14
      18
      15
      13
      11
      15
      16
      21
      20
      18
      25
      12
      16
      10
      10
      15
      10
      18
       9
      17
       9
      22
      14
       8
      15
       7
      15
      13
      11
       9
      13
      10
      17
      11
      20
      13
      13
      17
      14
      13
      12
      14
      14
      13
      10
       8
      18
      18
      10
      10
      17
      13
       9
      19
       9
      10
      18
      14
      20
      10
       5
      19
      11
      11
       9
      12
       8
      11
      17
      11
      14
      12
      18
      17
      10
      19
      12
      10
      16
      13
       5
      14
      14
       9
      11
      11
      13
       7
      12
      15
      10
      12
      10
      15
      18
      11
      10
      22
       7
      12
      14
      14
       7
      12
      13
       9
      16
      10
      16
      16
      17
       7
       9
      17
      11
       8
      15
      19
      10
       8
      12
      14
      10
      12
      10
      19
       9
       8
      13
      15
      10
      15
       9
      13
      14
      12
       9
      17
      10
      15
      14
      16
       6
      20
      12
       9
       8
      12
      14
      16
      10
      15
      11
      14
      13
       9
      11
      17
      12
       9
      17
      13
      12
      12
      16
      11
      12
      13
      19
      12
       9
      16
      15
      13
       9
      17
      13
      12
      15
      10
      17
      17
      13
      12
      12
       8
      10
      12
      12
       8
       7
      11
      11
      10
      15
      10
       8
      10
      12
      11
      13
       9
      11
      13
       7
       7
       6
      10
      11
       9
       7
       6
      10
       2
       0
       0
       0
       0
       0
       0
       0
       0
       0
       0
       0
       0
       0
       0
       0
       0
       0
       0
       0
       0
       0
       0
       0
       0
       0
       0
       0
       0
       0
       0
       0
       0
       0
       0
       0
       0
       0
       0
       0
       0
       0
       0
       0
       0
       0
       0
       0
$ROI:
1
147 177
$PRESETS:
None
0
0
$ENER_FIT:
0.000000 3.991138
$MCA_CAL:
3
0.000000E+000 3.991138E+000 0.000000E+000 keV
$SHAPE_CAL:
3
1.151547E+001 0.000000E+000 0.000000E+000
