$SPEC_ID:
No sample description was entered.
$SPEC_REM:
DET# 1
DETDESC# PRAK01 Easy-MCA-2k SN 15071856
AP# Maestro Version 7.01
$DATE_MEA:
01/01/2002 01:06:18
$MEAS_TIM:
37 37
$DATA:
0 511
       0
       0
       0
       0
       0
       0
       0
       0
       0
       0
       0
       0
       0
       0
       0
       0
       0
       0
       0
       0
       0
       0
       0
       0
       0
       0
       0
       0
       0
       0
       0
       0
       0
       0
       0
       0
       2
      19
      12
      95
     139
     139
     118
     113
      89
      93
      80
      67
      63
      78
      79
     131
     181
     289
     465
     565
     647
     676
     659
     518
     343
     210
     124
      53
      38
      15
      14
      21
      10
       7
      15
      16
      11
      13
      19
      10
      10
      10
       8
      13
      21
      14
       7
      16
       7
      14
      14
      12
       9
      10
      10
      11
      10
      14
      16
      14
       7
      15
      10
      12
      12
      11
      13
      11
      14
      22
      11
       8
      16
      13
      11
      13
      11
       9
       9
      13
      17
      16
      15
       9
      13
      18
      14
      10
      10
       8
      12
      12
       9
      13
      10
      14
      10
       9
       8
      20
      15
      19
      11
       7
      18
      17
      14
      12
      10
      10
      12
      14
      15
      14
      14
      15
      12
      12
      18
      14
      24
      14
       8
      15
      16
      11
      14
      19
      16
       8
      14
      12
      14
       7
      16
       7
      10
      14
      16
      16
      17
      10
      15
      14
      14
      12
      19
      18
      17
      13
      18
      16
      18
      18
      16
      10
      15
      15
      12
      25
      14
      16
      11
      15
      14
      12
       7
      18
      18
      15
      21
      19
      18
      20
      19
      11
      11
      17
      20
      12
      16
      19
       9
       9
      13
      20
      15
      16
      14
      13
      15
      12
      11
      21
      13
      13
      11
      14
      13
      11
      18
      13
      16
      15
      12
      14
      10
      15
      12
      14
      18
      12
      15
       9
      19
      15
      15
      17
      17
      13
      10
       8
      16
       7
      11
      11
      13
      16
       8
      17
      11
      15
      18
      10
       8
      11
      13
      14
      10
      12
      13
      11
      18
      17
      14
       8
      14
      11
      11
      16
      10
      13
      10
      11
      12
      18
      19
      11
      16
      18
      18
      13
      12
      12
      18
      12
      15
      10
       9
      12
       9
       9
      10
      14
      12
      17
      11
       8
      13
      14
      13
       9
      11
      11
      14
      14
      10
      12
      13
       8
      17
      13
      16
       9
      19
      13
      16
      14
      12
      12
      16
      12
       8
       9
       7
      12
      12
      10
      13
      16
       7
       9
      14
      11
      18
      12
      13
      12
      14
      18
       9
       9
      13
      14
      14
      15
       9
      17
      19
      11
       9
      12
       8
      16
       8
      15
      16
      12
      18
      13
       8
       5
      15
      19
      14
      14
      13
      11
      14
      12
       7
      15
      13
       7
      15
       9
      10
      13
       8
      17
      10
      10
      11
      12
      15
      12
      13
      12
      16
      13
      23
       8
      13
      12
      13
      14
      10
      10
      11
      12
      11
      18
      12
       8
      17
      16
      17
      14
      12
      17
      11
      12
      16
      14
       9
      10
       9
       9
       7
      15
      13
       8
       7
      12
      11
      12
       8
       9
      13
       9
       7
      10
       6
       5
       3
       5
       6
       5
      15
      11
       6
      14
       6
       3
       9
       9
      11
       5
       7
       1
       0
       0
       0
       0
       0
       0
       0
       0
       0
       0
       0
       0
       0
       0
       0
       0
       0
       0
       0
       0
       0
       0
       0
       0
       0
       0
       0
       0
       0
       0
       0
       0
       0
       0
       0
       0
       0
       0
       0
       0
       0
       0
       0
       0
       0
       0
$ROI:
1
147 177
$PRESETS:
None
0
0
$ENER_FIT:
0.000000 3.991138
$MCA_CAL:
3
0.000000E+000 3.991138E+000 0.000000E+000 keV
$SHAPE_CAL:
3
1.151547E+001 0.000000E+000 0.000000E+000
