$SPEC_ID:
No sample description was entered.
$SPEC_REM:
DET# 1
DETDESC# PRAK01 Easy-MCA-2k SN 15071856
AP# Maestro Version 7.01
$DATE_MEA:
01/01/2002 00:57:11
$MEAS_TIM:
45 45
$DATA:
0 511
       0
       0
       0
       0
       0
       0
       0
       0
       0
       0
       0
       0
       0
       0
       0
       0
       0
       0
       0
       0
       0
       0
       1
       0
       0
       0
       0
       0
       0
       0
       0
       0
       0
       0
       0
       0
       6
      10
      17
     103
     139
     134
     130
      94
      99
      82
      95
      84
      64
      55
      79
     104
     166
     268
     349
     623
     638
     690
     600
     465
     351
     182
     124
      43
      32
      14
      18
       9
      13
      11
      15
      10
      12
       9
      14
      17
      10
       8
      12
      14
      19
      12
      11
      12
      12
      11
      18
      15
       9
      13
      14
      18
      14
      16
      19
       8
       9
      10
      10
      13
       9
       9
      12
       6
      14
      17
       6
      12
      12
      16
      24
      13
      13
      14
      12
      11
       7
      14
      11
      16
      10
      15
      12
      11
       8
       9
      24
      16
      12
      10
      14
      13
      17
       9
       8
      10
      15
      13
      13
      15
      12
      19
      13
      12
      12
       8
      15
      14
      18
      15
      13
       9
      20
      13
      15
      14
      11
       9
      10
      14
      18
      13
      12
      21
      12
      15
      22
      18
      21
      14
      14
      12
      15
      13
       8
      13
      12
      13
      14
      10
       7
      12
      12
      18
      19
      16
      23
      13
      10
      20
      17
      18
      20
      15
      12
      17
      24
      16
      22
      15
      17
       8
      22
      11
      13
      13
      22
      14
      14
      16
      19
      13
      14
      16
       9
      16
      15
      11
      17
      15
      12
      19
      13
      19
      14
      15
      14
      16
      11
      16
      10
      13
      11
      16
      14
      14
      15
      12
      12
      13
      11
       8
      20
       9
      10
      16
       9
      14
       7
       9
      10
      12
      13
      13
      18
       9
       9
      13
      12
      13
      16
       9
      13
      14
      11
       7
       8
      14
      15
      10
      13
      13
      15
       8
      23
      14
      14
      10
      12
      13
      18
       8
      10
      15
      15
      11
      15
      14
      13
      13
      13
      14
      21
      13
      17
      10
       9
      14
      16
       8
       8
      12
       8
      13
      11
      13
       9
      15
       8
       9
      15
      14
      14
      12
       7
      15
      14
      19
      15
      10
      18
       6
      19
      11
      16
      18
      11
      13
      10
      13
      13
      10
      12
      12
      23
      16
      14
       9
       6
      16
       6
      13
       6
      14
      13
      13
      20
      12
      17
       9
      11
       8
      10
       8
       6
       9
      13
       9
       3
      10
      16
      15
       7
       9
      14
      19
      11
      14
      12
      10
       9
       9
      14
      10
       8
      11
       9
      15
      14
      12
      13
      18
      13
       5
      13
      11
       8
       8
      10
       8
      16
      10
      20
      12
      14
      11
       8
       6
      15
      10
      15
       9
      15
       8
      16
      12
      16
      10
      18
      16
       8
      13
       7
      14
       7
      17
      14
      14
       9
      13
      10
      10
      17
      12
      17
      17
       7
      14
      10
      11
      11
      12
       8
      10
      12
      16
       9
      10
       3
      10
      13
       5
      12
      10
       6
       9
       7
       9
       7
      15
      10
       6
      11
       9
       7
      12
       9
       7
       7
      11
       6
       9
       7
       7
       2
       1
       0
       0
       0
       0
       0
       0
       0
       0
       0
       0
       0
       0
       0
       0
       0
       0
       0
       0
       0
       0
       0
       0
       0
       0
       0
       0
       0
       0
       0
       0
       0
       0
       0
       0
       0
       0
       0
       0
       0
       0
       0
       0
       0
       0
       0
       0
$ROI:
1
147 177
$PRESETS:
None
0
0
$ENER_FIT:
0.000000 3.991138
$MCA_CAL:
3
0.000000E+000 3.991138E+000 0.000000E+000 keV
$SHAPE_CAL:
3
1.151547E+001 0.000000E+000 0.000000E+000
