$SPEC_ID:
No sample description was entered.
$SPEC_REM:
DET# 1
DETDESC# PRAK01 Easy-MCA-2k SN 15071856
AP# Maestro Version 7.01
$DATE_MEA:
01/01/2002 00:44:33
$MEAS_TIM:
33 33
$DATA:
0 511
       0
       0
       0
       0
       0
       0
       0
       0
       0
       0
       0
       0
       0
       0
       0
       0
       0
       0
       0
       0
       0
       0
       0
       0
       0
       0
       0
       0
       0
       0
       0
       0
       0
       0
       0
       0
       2
       9
      17
     120
     141
     131
     138
     100
      98
     101
      93
      66
      74
      63
      80
      84
     125
     195
     265
     429
     607
     651
     762
     671
     551
     382
     226
     110
      71
      34
      21
      11
      13
      11
      13
      17
      13
      10
      11
      10
       9
      15
      13
       7
      11
       8
      13
      15
       7
       5
      14
       7
      12
      17
      14
       7
      12
      14
       7
      11
      11
      16
      14
      12
       8
       9
      16
       8
       8
      13
      16
      14
      10
       9
      19
      12
       8
      14
      15
      14
      13
       9
      15
      14
      11
      14
      10
      14
      11
      14
      14
      15
      11
      12
      12
       8
      14
      10
      12
      24
      11
      10
      11
       7
      17
      12
      10
      13
      16
      13
      21
      16
      15
      20
      19
      12
      11
      15
      13
      18
      18
      17
      13
       6
      13
      10
      14
      13
      16
      13
      13
      15
      12
      14
       7
      10
      12
      11
      15
      22
      21
       6
      17
      10
      21
      16
      21
      12
      15
      19
      18
      20
      15
      14
      20
      12
      10
      18
      20
      11
      20
      23
      18
      11
      18
      11
      15
      12
      11
      12
      17
      16
      16
      13
      12
      18
       9
      17
      16
      13
      13
      12
      14
      15
      22
      26
      15
      20
      16
       9
       9
      16
      19
      12
      14
      12
      20
      16
      18
      13
      10
      21
      13
      16
      20
      21
      16
      13
      14
      13
      13
      11
      11
      12
      17
      12
      18
      15
      13
      15
      14
       9
      16
      11
      12
      18
       9
      11
      10
      13
      17
      15
      14
      15
      16
      13
      15
      10
      12
      15
      11
      11
      11
      12
      12
      21
      13
      16
      18
      23
      12
       8
      15
      18
      15
      12
      11
      17
      16
      12
       9
      15
      17
      14
      13
      21
      16
      10
      10
       8
      10
       8
       9
      17
       9
      12
      14
      12
      13
      12
      18
      11
      16
      12
      17
       6
       9
      11
      17
      11
      15
      23
       6
      17
      12
      15
      11
      16
      12
      11
      18
       9
       9
      12
      12
      19
      16
      12
      12
      14
      19
      13
      11
      15
      16
      12
       8
      12
      11
      13
       6
      14
      11
      15
      15
       8
      10
      17
      19
       6
       9
      13
      17
      14
       7
      14
      13
      10
      11
      11
      21
      11
      18
      12
       6
      16
      16
      16
      11
      16
      20
      11
      12
      10
       8
       9
      11
      11
      14
      11
      10
       9
      14
      12
      13
      11
      15
      18
      15
      10
      12
      14
      17
      16
      14
      12
      13
       9
      15
       9
       9
      10
      10
       7
       9
      12
      14
       6
      14
      10
      13
      10
      12
       8
      14
      10
      12
      12
      10
       7
       9
      12
      16
       9
      20
      12
      10
      13
      10
       9
      14
      11
       8
       8
       7
       6
       6
      12
      15
       4
       7
      12
      15
       5
      13
       5
       7
       7
       6
       0
       0
       0
       0
       0
       0
       0
       0
       0
       0
       0
       0
       0
       0
       0
       0
       0
       0
       0
       0
       0
       0
       0
       0
       0
       0
       0
       0
       0
       0
       0
       0
       0
       0
       0
       0
       0
       0
       0
       0
       0
       0
       0
       0
       0
       0
       0
$ROI:
1
147 177
$PRESETS:
None
0
0
$ENER_FIT:
0.000000 3.991138
$MCA_CAL:
3
0.000000E+000 3.991138E+000 0.000000E+000 keV
$SHAPE_CAL:
3
1.151547E+001 0.000000E+000 0.000000E+000
