$SPEC_ID:
No sample description was entered.
$SPEC_REM:
DET# 1
DETDESC# PRAK01 Easy-MCA-2k SN 15071856
AP# Maestro Version 7.01
$DATE_MEA:
01/01/2002 00:29:10
$MEAS_TIM:
35 35
$DATA:
0 511
       0
       0
       0
       0
       0
       0
       0
       0
       0
       0
       0
       0
       0
       0
       0
       0
       0
       0
       0
       0
       0
       0
       0
       0
       0
       0
       0
       0
       0
       0
       0
       0
       0
       0
       0
       0
       3
      12
       9
     104
     146
     128
     129
     129
     127
      96
     122
      84
      65
      65
      71
      68
      61
     107
     109
     157
     273
     395
     520
     612
     690
     590
     503
     330
     204
     132
      66
      41
      20
      10
       6
      12
      12
       9
       8
      10
      14
       4
       9
       9
      12
      10
      10
      15
      12
       7
      10
       8
      13
      18
       9
      12
       8
      14
       7
       7
      12
       9
      11
       9
      12
      10
       8
      12
       7
       8
       9
       8
      13
       9
      13
       8
       5
       9
      11
       9
      17
      12
      15
      11
       4
       8
      20
      10
      12
      16
      10
      13
       6
       9
      10
       9
      10
      13
      12
      10
      16
       7
      11
      10
      11
      10
      10
      16
      11
      15
      11
      20
       8
       9
      16
      13
      14
      10
      13
       7
      17
      12
      15
       8
      11
      10
      10
      17
      13
      15
      15
       5
      13
      12
      13
      19
      13
       9
      14
       8
       9
      13
      11
      16
      19
      15
      14
      17
      13
       8
      11
       7
       8
      11
      10
      11
       7
      15
      15
      13
      17
      19
      11
      16
      17
      13
      12
      11
      16
      12
      11
      19
      15
      18
      16
      15
      12
      10
      16
      19
      18
      11
      15
      18
      16
      18
      15
      20
      13
      12
      13
      19
      13
      13
      11
       7
      12
      12
      13
      11
      11
      18
      19
      13
      10
       8
      14
      14
      18
      14
      16
      17
       6
      16
      16
      21
      16
      14
       8
       4
      10
      14
      11
      11
      18
      17
      13
      17
      13
      14
      14
      12
      18
      12
       9
       7
      17
       8
      11
      12
      14
      14
      13
      14
      17
      11
      11
      17
      12
      12
      14
      11
      15
      11
       8
      20
       7
       5
       9
       7
      14
       9
       9
      11
       9
       9
       9
      11
      11
      10
      14
      14
       8
       9
      10
       9
       8
      12
      15
      12
      15
      13
       9
       8
      14
       9
       8
      16
      10
      13
       6
      12
       8
      10
      23
       9
      10
      14
      13
       6
      19
      10
      10
      10
       9
       9
      21
      12
      10
       6
       6
      12
      10
      17
       9
       9
      12
       9
      12
       8
      18
       9
      12
      12
      10
       5
      10
       7
       8
      10
      10
      10
       8
      13
      13
       5
       8
      14
      15
       5
      10
      11
      12
      11
      10
      11
       6
      12
      10
       6
      11
       8
      19
      11
      10
      14
      12
       8
      16
      12
      17
       7
      12
      12
       6
      16
      14
      13
      16
      12
      15
       7
      15
      16
      11
       8
      10
      14
      12
       9
       8
       7
      10
      10
      10
      13
       7
       6
      15
      14
       6
       6
       9
      12
      11
      11
      10
      10
      12
      12
      10
       9
      11
      15
       7
       8
      10
       9
       8
      14
      11
      13
      13
      11
       6
       7
      11
      11
      17
      15
      12
      11
       9
      12
       8
      13
      17
       7
      10
       0
       0
       0
       0
       0
       0
       0
       0
       0
       0
       0
       0
       0
       0
       0
       0
       0
       0
       0
       0
       0
       0
       0
       0
       0
       0
       0
       0
       0
       0
       0
       0
       0
       0
       0
       0
       0
       0
       0
       0
       0
       0
       0
       0
       0
       0
       0
$ROI:
1
147 177
$PRESETS:
None
0
0
$ENER_FIT:
0.000000 3.991138
$MCA_CAL:
3
0.000000E+000 3.991138E+000 0.000000E+000 keV
$SHAPE_CAL:
3
1.151547E+001 0.000000E+000 0.000000E+000
