$SPEC_ID:
No sample description was entered.
$SPEC_REM:
DET# 1
DETDESC# PRAK01 Easy-MCA-2k SN 15071856
AP# Maestro Version 7.01
$DATE_MEA:
01/01/2002 00:47:10
$MEAS_TIM:
50 50
$DATA:
0 511
       0
       0
       0
       0
       0
       0
       0
       0
       0
       0
       0
       0
       0
       0
       0
       0
       0
       0
       0
       0
       0
       0
       0
       0
       0
       0
       0
       0
       0
       0
       0
       0
       0
       0
       0
       0
       3
       6
      12
     111
     141
     163
     129
     132
     104
     106
      82
      80
      74
      81
      89
     100
     146
     204
     313
     442
     645
     721
     682
     652
     519
     349
     225
     132
      73
      32
      23
      16
      12
      13
      13
      14
      15
       6
       8
      17
      16
      13
      14
      16
      16
      16
      14
      10
      11
      12
      13
       9
      15
      16
      14
      10
      14
       8
      11
       9
      14
      13
      15
      11
      12
      13
      13
      12
      14
      15
      14
       9
      12
      15
       7
      23
      11
      14
      16
       9
      19
       8
      12
      13
      16
      12
      11
      12
      13
      17
      13
      19
      17
      12
      13
      18
      21
      12
      13
      17
      12
      24
      15
      16
      12
      12
       9
       9
      24
      11
      11
      19
      17
      16
       9
      11
       8
      15
      16
      15
      18
      20
      17
      15
      17
      19
      15
      15
      17
      20
      13
      16
      14
      17
      19
      18
      16
      22
       9
      18
      17
      15
      12
      24
      11
      20
      18
      19
      19
      23
      19
      25
      19
      20
      14
      21
      16
      15
      22
      14
      16
       8
      12
      19
      11
      17
      15
       9
      15
      14
      18
      21
      18
      15
      16
      23
      20
      25
      19
      16
       8
      17
      19
      18
      17
      22
      17
      16
      18
      12
      14
      16
      12
      20
      13
       9
      14
      12
      22
      14
      13
      15
      16
      14
      18
      20
      21
      17
      21
      15
       8
      14
      16
      13
      15
       5
      15
       8
      18
      12
      15
      13
      15
      15
      13
      14
      14
      13
      16
      17
      18
      10
      13
      10
       7
      16
      18
      16
      17
      15
      20
       7
      13
      17
      16
      18
       9
      11
       5
       9
       9
      12
      13
      11
      15
       9
      14
      10
      13
      11
      18
      15
      12
      20
      14
      14
       7
      17
      19
      16
      15
       3
      11
      12
      10
      15
      15
       7
      13
       9
      18
      14
      16
      10
      13
      13
      13
      11
      15
      13
      13
       7
      11
       9
      13
      12
      12
       9
       8
       6
      10
      12
      11
      15
      15
      11
      14
       7
      19
       8
      11
      10
      10
      17
      10
      11
      15
      10
      20
      11
      11
      15
      11
      17
       7
      21
      16
      17
       9
       8
      14
      15
      14
      12
      14
      11
      15
      18
       9
      15
      14
      12
      16
      12
      21
      12
       9
      16
       7
       6
      10
      10
       8
       7
      14
      10
      12
      13
      13
      14
       8
      15
      12
      13
      11
      11
      15
      10
      12
      14
       8
      13
      10
      13
      24
      20
      14
      12
      15
       6
      13
      17
      23
      15
      15
      14
      10
      14
      11
      14
      18
      11
      12
      12
       7
      17
      19
       9
      10
      14
       9
       8
      12
      16
      15
      13
      14
      11
      10
      10
      14
      11
       9
      10
      21
      12
       9
      17
       8
       9
      10
       9
       7
       9
      10
       9
       9
       9
      10
       0
       0
       0
       0
       0
       0
       0
       0
       0
       0
       0
       0
       0
       0
       0
       0
       0
       0
       0
       0
       0
       0
       0
       0
       0
       0
       0
       0
       0
       0
       0
       0
       0
       0
       0
       0
       0
       0
       0
       0
       0
       0
       0
       0
       0
       0
       0
$ROI:
1
147 177
$PRESETS:
None
0
0
$ENER_FIT:
0.000000 3.991138
$MCA_CAL:
3
0.000000E+000 3.991138E+000 0.000000E+000 keV
$SHAPE_CAL:
3
1.151547E+001 0.000000E+000 0.000000E+000
