$SPEC_ID:
No sample description was entered.
$SPEC_REM:
DET# 1
DETDESC# PRAK01 Easy-MCA-2k SN 15071856
AP# Maestro Version 7.01
$DATE_MEA:
01/01/2002 04:02:36
$MEAS_TIM:
106 107
$DATA:
0 511
       0
       0
       0
       0
       0
       0
       0
       0
       0
       0
       0
       0
       0
       0
       0
       0
       0
       0
       0
       0
       0
       0
       0
       0
       0
       0
       1
       0
       0
       0
       0
       0
       0
       0
       0
       0
       8
      34
      63
     496
     685
     621
     491
     441
     367
     371
     329
     344
     408
     474
     732
    1184
    1888
    2652
    3291
    3375
    3182
    2575
    1806
    1090
     541
     291
     151
      77
      65
      50
      58
      55
      60
      49
      48
      69
      52
      55
      55
      74
      64
      47
      53
      56
      58
      52
      69
      59
      75
      41
      57
      48
      48
      46
      59
      51
      49
      52
      54
      58
      49
      68
      57
      54
      53
      64
      60
      54
      44
      60
      62
      58
      66
      61
      66
      54
      50
      52
      59
      68
      48
      57
      61
      51
      65
      58
      68
      52
      69
      60
      50
      59
      74
      61
      67
      64
      69
      70
      83
      60
      74
      52
      66
      74
      63
      72
      54
      71
      52
      65
      79
      70
      70
      65
      55
      60
      55
      65
      73
      54
      69
      56
      76
      65
      82
      55
      69
      70
      69
      68
      66
      61
      84
      58
      61
      64
      73
      85
      51
      76
      76
      71
      73
      69
      92
      78
      87
      62
      83
      97
      89
      74
      74
      84
      77
      83
      87
      76
      86
      91
      91
      86
      95
      86
      87
      69
      68
      74
      86
      87
      74
      66
      70
      62
      83
      82
      58
      74
      72
      75
      65
      81
      76
      65
      63
      73
      63
      89
      74
      74
      69
      64
      66
      94
      63
      76
     100
      49
      72
      70
      66
      68
      65
      61
      69
      80
      65
      67
      53
      61
      78
      67
      75
      76
      61
      78
      88
      70
      76
      56
      70
      55
      66
      62
      71
      64
      73
      58
      71
      66
      51
      61
      73
      64
      55
      60
      58
      73
      61
      54
      60
      60
      54
      60
      50
      59
      46
      55
      55
      65
      56
      65
      58
      61
      58
      76
      68
      52
      75
      51
      56
      65
      71
      55
      59
      59
      52
      55
      60
      54
      54
      62
      45
      57
      53
      61
      59
      58
      73
      63
      42
      58
      55
      77
      59
      56
      52
      46
      67
      61
      62
      63
      53
      64
      61
      69
      69
      64
      65
      66
      63
      57
      61
      62
      63
      43
      52
      55
      64
      72
      56
      55
      74
      51
      86
      54
      53
      59
      60
      42
      47
      62
      66
      48
      61
      73
      54
      75
      65
      59
      61
      58
      61
      60
      69
      58
      52
      64
      53
      71
      75
      83
      59
      68
      79
      52
      65
      53
      60
      59
      65
      54
      72
      67
      64
      66
      66
      67
      72
      62
      81
      67
      58
      66
      58
      71
      55
      72
      45
      64
      73
      65
      60
      53
      49
      56
      54
      43
      61
      59
      71
      59
      52
      58
      54
      58
      49
      57
      61
      44
      50
      53
      45
      48
      47
      46
      52
      33
      40
      49
      33
      42
      39
      36
      41
      33
      35
      38
      28
      41
      41
      34
      21
      32
      32
      25
      28
      23
      28
      26
      29
      26
      26
      28
      30
      22
      28
      34
      12
       3
       0
       0
       0
       0
       0
       0
       0
       0
       0
       0
       0
       0
       0
       0
       0
       0
       0
       0
       0
       0
       0
       0
       0
       0
       0
       0
       0
       0
       0
       0
       0
       0
       0
       0
       0
       0
       0
       0
       0
       0
       0
       0
       0
       0
       0
       0
$ROI:
1
147 177
$PRESETS:
None
0
0
$ENER_FIT:
0.000000 3.991138
$MCA_CAL:
3
0.000000E+000 3.991138E+000 0.000000E+000 keV
$SHAPE_CAL:
3
1.151547E+001 0.000000E+000 0.000000E+000
