$SPEC_ID:
No sample description was entered.
$SPEC_REM:
DET# 1
DETDESC# PRAK01 Easy-MCA-2k SN 15071856
AP# Maestro Version 7.01
$DATE_MEA:
01/01/2002 03:59:31
$MEAS_TIM:
100 100
$DATA:
0 511
       0
       0
       0
       0
       0
       0
       0
       0
       0
       0
       0
       0
       0
       0
       0
       0
       0
       0
       0
       0
       0
       0
       0
       0
       0
       0
       0
       0
       0
       0
       0
       0
       0
       0
       0
       0
       5
      41
      65
     466
     637
     548
     446
     431
     397
     349
     291
     317
     353
     459
     667
    1060
    1653
    2280
    2950
    3276
    3040
    2570
    1848
    1111
     623
     278
     144
      80
      63
      77
      59
      66
      51
      62
      54
      48
      54
      55
      64
      52
      49
      43
      49
      57
      52
      64
      52
      61
      52
      49
      48
      51
      46
      45
      41
      57
      46
      60
      58
      49
      43
      48
      75
      54
      48
      49
      47
      59
      52
      45
      47
      59
      68
      65
      64
      65
      44
      44
      49
      44
      68
      48
      51
      50
      53
      57
      54
      60
      52
      73
      56
      58
      45
      50
      59
      67
      70
      44
      43
      72
      52
      93
      56
      54
      60
      78
      66
      52
      58
      66
      54
      55
      67
      54
      57
      54
      50
      71
      58
      78
      56
      71
      64
      66
      66
      59
      77
      60
      70
      69
      70
      65
      61
      67
      59
      62
      79
      77
      71
      66
      62
      72
      61
      64
      68
      52
      71
      67
      77
      82
      94
      73
      76
      74
      72
      74
      79
      86
      68
      68
      62
      57
      65
      73
      68
      72
      77
      71
      72
      71
      64
      80
      75
      71
      70
      70
      67
      73
      66
      79
      53
      71
      64
      75
      70
      59
      60
      68
      64
      69
      61
      68
      67
      82
      67
      66
      63
      50
      52
      69
      69
      56
      58
      66
      59
      66
      54
      57
      61
      51
      67
      56
      57
      63
      47
      48
      66
      59
      55
      57
      48
      46
      64
      58
      63
      69
      63
      56
      56
      62
      55
      61
      53
      58
      62
      63
      79
      80
      56
      42
      65
      53
      68
      45
      54
      75
      61
      60
      52
      64
      58
      51
      53
      65
      66
      46
      47
      61
      66
      67
      65
      44
      55
      56
      46
      58
      50
      53
      70
      53
      68
      49
      45
      47
      54
      58
      49
      60
      56
      59
      55
      57
      71
      49
      62
      46
      52
      55
      47
      55
      65
      43
      51
      65
      58
      69
      68
      65
      55
      61
      65
      48
      59
      58
      47
      45
      46
      67
      45
      53
      66
      46
      51
      46
      57
      51
      59
      66
      34
      49
      67
      53
      62
      63
      41
      55
      51
      53
      61
      58
      54
      59
      56
      51
      62
      61
      55
      58
      55
      71
      70
      60
      60
      51
      48
      53
      50
      54
      52
      59
      61
      68
      74
      60
      59
      60
      65
      67
      55
      39
      45
      50
      65
      61
      59
      63
      70
      48
      52
      49
      56
      59
      59
      47
      60
      53
      44
      62
      46
      65
      58
      50
      51
      50
      43
      54
      49
      45
      46
      40
      50
      55
      45
      44
      40
      42
      48
      33
      42
      34
      36
      36
      40
      31
      35
      24
      34
      31
      34
      31
      34
      30
      27
      31
      30
      30
      32
      30
      32
      26
      31
      26
      30
      23
      25
      26
      26
      19
      17
       0
       0
       0
       0
       0
       0
       0
       0
       0
       0
       0
       0
       0
       0
       0
       0
       0
       0
       0
       0
       0
       0
       0
       0
       0
       0
       0
       0
       0
       0
       0
       0
       0
       0
       0
       0
       0
       0
       0
       0
       0
       0
       0
       0
       0
       0
       0
$ROI:
1
147 177
$PRESETS:
None
0
0
$ENER_FIT:
0.000000 3.991138
$MCA_CAL:
3
0.000000E+000 3.991138E+000 0.000000E+000 keV
$SHAPE_CAL:
3
1.151547E+001 0.000000E+000 0.000000E+000
