$SPEC_ID:
No sample description was entered.
$SPEC_REM:
DET# 1
DETDESC# PRAK01 Easy-MCA-2k SN 15071856
AP# Maestro Version 7.01
$DATE_MEA:
01/01/2002 04:05:01
$MEAS_TIM:
100 101
$DATA:
0 511
       0
       0
       0
       0
       0
       0
       0
       0
       0
       0
       0
       0
       0
       0
       0
       0
       0
       0
       0
       0
       0
       0
       0
       0
       0
       0
       0
       0
       0
       0
       0
       0
       0
       0
       0
       0
       9
      63
      78
     442
     559
     547
     426
     399
     386
     332
     331
     357
     360
     533
     762
    1211
    1846
    2530
    3078
    3288
    2984
    2273
    1500
     949
     465
     232
     135
      79
      52
      62
      50
      57
      53
      39
      56
      51
      58
      49
      52
      37
      52
      52
      49
      63
      52
      52
      57
      56
      49
      45
      51
      50
      41
      36
      46
      58
      42
      51
      54
      60
      35
      56
      51
      48
      63
      50
      53
      56
      59
      58
      52
      51
      57
      47
      62
      49
      48
      53
      65
      54
      51
      54
      61
      45
      62
      51
      52
      66
      58
      60
      58
      56
      62
      52
      62
      49
      48
      67
      65
      49
      71
      56
      59
      55
      59
      66
      48
      53
      72
      59
      57
      67
      62
      54
      75
      81
      69
      61
      68
      64
      75
      52
      76
      56
      52
      79
      76
      52
      73
      54
      65
      62
      68
      68
      68
      66
      73
      71
      74
      86
      76
      76
      87
      73
      69
      80
      72
      72
      69
      81
      67
      75
      78
      76
      64
      66
      76
      84
      68
      80
      77
      77
      76
      73
      73
      76
      74
      67
      52
      62
      78
      77
      78
      71
      60
      70
      65
      64
      74
      57
      72
      68
      70
      63
      86
      62
      65
      57
      74
      66
      58
      76
      68
      79
      58
      78
      69
      54
      48
      76
      63
      67
      72
      59
      53
      62
      61
      63
      63
      63
      49
      70
      56
      74
      71
      54
      64
      47
      54
      66
      60
      65
      50
      67
      63
      63
      52
      51
      56
      74
      60
      69
      69
      59
      65
      58
      59
      46
      41
      58
      56
      61
      66
      63
      65
      58
      56
      70
      75
      48
      52
      58
      52
      64
      63
      54
      68
      65
      56
      64
      58
      58
      57
      49
      43
      49
      40
      67
      71
      50
      67
      61
      53
      66
      68
      56
      44
      55
      46
      48
      50
      50
      50
      60
      47
      52
      56
      52
      48
      45
      52
      46
      55
      62
      69
      53
      64
      45
      49
      60
      40
      81
      54
      60
      53
      54
      53
      58
      63
      48
      65
      47
      47
      60
      54
      52
      55
      63
      62
      57
      68
      55
      61
      56
      64
      54
      56
      64
      61
      61
      51
      53
      47
      58
      49
      58
      60
      64
      51
      69
      60
      49
      52
      58
      60
      53
      44
      60
      55
      66
      72
      67
      57
      62
      58
      64
      60
      51
      52
      54
      55
      59
      57
      61
      57
      60
      46
      50
      55
      63
      57
      47
      62
      62
      59
      63
      45
      48
      60
      62
      51
      55
      55
      50
      46
      42
      62
      44
      43
      37
      44
      44
      44
      41
      45
      45
      37
      33
      38
      30
      33
      25
      29
      32
      32
      32
      32
      30
      31
      35
      32
      28
      40
      34
      18
      28
      26
      34
      22
      29
      14
      22
      34
      45
      31
      19
      25
      13
      17
       0
       1
       0
       0
       0
       0
       0
       0
       0
       0
       0
       0
       0
       0
       0
       0
       0
       0
       0
       0
       0
       0
       0
       0
       0
       0
       0
       0
       0
       0
       0
       0
       0
       0
       0
       0
       0
       0
       0
       0
       0
       0
       0
       0
       0
       0
       0
$ROI:
1
147 177
$PRESETS:
None
0
0
$ENER_FIT:
0.000000 3.991138
$MCA_CAL:
3
0.000000E+000 3.991138E+000 0.000000E+000 keV
$SHAPE_CAL:
3
1.151547E+001 0.000000E+000 0.000000E+000
