$SPEC_ID:
No sample description was entered.
$SPEC_REM:
DET# 1
DETDESC# PRAK01 Easy-MCA-2k SN 15071856
AP# Maestro Version 7.01
$DATE_MEA:
01/01/2002 01:10:51
$MEAS_TIM:
171 171
$DATA:
0 511
       0
       0
       0
       0
       0
       0
       0
       0
       0
       0
       0
       0
       0
       0
       0
       0
       0
       0
       0
       0
       0
       0
       0
       0
       0
       0
       0
       0
       0
       0
       0
       0
       0
       0
       0
       0
       3
      10
      13
      73
     109
     107
      82
      95
      91
      71
      81
      73
      65
      82
      89
     115
     172
     252
     337
     397
     423
     384
     356
     256
     144
     114
      57
      37
      35
      29
      20
      27
      20
      24
      36
      21
      17
      19
      25
      19
      17
      17
      16
      21
       9
      20
      13
      16
      17
      12
      16
      16
      14
      22
      17
      12
      14
      24
      15
      15
      12
       7
      15
      21
      16
      10
      15
      21
      22
      17
      18
      11
      16
      17
      17
      20
      19
      14
       9
      23
      14
       8
      20
      15
      18
      19
      13
       8
      13
      18
      10
      14
      20
      19
      17
      18
      17
      14
      17
      22
      18
      15
      23
      15
      11
      12
      14
      11
      15
      18
      16
       6
      21
      16
      15
      16
      10
      19
      15
      17
      13
      16
      13
      23
      16
      18
      23
      20
      22
      11
      21
      14
      20
      14
      19
      20
      32
      18
      27
      24
      18
      18
      16
      23
      15
      23
      21
      19
      19
      12
      18
      14
      17
      19
      23
      15
      13
      17
      17
      19
      15
      16
      22
      17
      20
      13
      19
      14
      21
      29
      12
      20
      12
      21
      15
      14
      17
      17
      11
      16
      12
      17
      16
      20
      15
      15
      24
      17
      15
      19
      24
      20
      19
      12
      16
      22
      10
      19
      16
      15
      16
      14
      15
      16
      17
      18
       9
      18
      14
       7
      10
       9
      14
      14
      13
      17
      10
      15
      17
      15
      11
      11
      14
      11
      14
       8
      12
      16
      11
      14
      11
      10
      12
      12
      13
      15
      18
       9
      13
      13
      13
      14
      12
      19
      14
       9
      10
      15
      11
      14
      12
      10
      12
      11
       6
      11
       7
      10
      15
      16
       6
       6
      10
      11
      11
      12
      10
      12
      15
      15
      11
       9
       8
      13
      10
       9
       8
      12
      14
      10
      21
      14
      10
       9
      10
      15
       8
      11
       7
      12
       6
      12
      12
       8
       6
      17
      12
      12
       4
      12
      11
       8
       8
      10
       7
      12
       8
       7
      13
       9
      16
       4
      11
       8
      14
       8
      10
       8
       9
       5
      11
       9
      13
      15
      15
      13
       5
      13
      12
       7
       9
      14
       7
      11
      11
       8
      16
       9
      10
       7
       6
       4
      13
       7
       9
       8
       7
      14
       8
       9
      12
      12
      10
      11
      10
      12
       7
      13
       9
      14
      11
      16
      15
       5
       9
       9
      11
       6
      14
       8
       6
       7
      10
       5
      17
      14
       9
      11
       8
       7
       7
      10
       3
      11
       7
       7
       3
       6
      18
       7
      13
       9
       9
       8
       5
       6
      10
      12
      10
       7
       9
      10
      13
      11
       6
      11
       4
       4
       8
       8
      10
       6
       5
       6
       4
       3
       7
       8
       2
      10
       3
       4
       3
       8
       7
       5
       6
       7
       5
       1
       0
       0
       0
       0
       0
       0
       0
       0
       0
       0
       0
       0
       0
       0
       0
       0
       0
       0
       0
       0
       0
       0
       0
       0
       0
       0
       0
       0
       0
       0
       0
       0
       0
       0
       0
       0
       0
       0
       0
       0
       0
       0
       0
       0
       0
       0
$ROI:
1
147 177
$PRESETS:
None
0
0
$ENER_FIT:
0.000000 3.991138
$MCA_CAL:
3
0.000000E+000 3.991138E+000 0.000000E+000 keV
$SHAPE_CAL:
3
1.151547E+001 0.000000E+000 0.000000E+000
