$SPEC_ID:
No sample description was entered.
$SPEC_REM:
DET# 1
DETDESC# PRAK01 Easy-MCA-2k SN 15071856
AP# Maestro Version 7.01
$DATE_MEA:
01/01/2002 02:17:41
$MEAS_TIM:
344 344
$DATA:
0 511
       0
       0
       0
       0
       0
       0
       0
       0
       0
       0
       0
       0
       0
       0
       0
       0
       0
       0
       0
       0
       0
       0
       0
       0
       0
       0
       0
       0
       0
       0
       0
       0
       0
       0
       0
       0
       3
      18
      22
      83
     142
     118
     111
     111
      92
      97
      92
      97
      91
      73
     111
     144
     209
     267
     350
     418
     433
     404
     337
     233
     128
     101
      75
      38
      45
      44
      39
      34
      31
      32
      30
      30
      36
      37
      35
      30
      37
      33
      27
      27
      34
      31
      18
      29
      28
      21
      22
      16
      26
      25
      23
      28
      30
      26
      23
      30
      44
      33
      23
      28
      20
      34
      28
      23
      31
      32
      21
      27
      36
      20
      32
      28
      20
      19
      23
      32
      22
      29
      24
      23
      32
      30
      27
      37
      19
      30
      25
      30
      29
      23
      27
      33
      29
      25
      24
      20
      26
      24
      26
      29
      33
      31
      35
      30
      30
      21
      27
      21
      29
      20
      37
      23
      22
      31
      28
      30
      20
      26
      28
      30
      28
      26
      34
      31
      23
      11
      22
      27
      21
      18
      25
      28
      29
      24
      20
      30
      34
      22
      28
      31
      31
      21
      23
      32
      27
      29
      30
      24
      21
      35
      33
      15
      26
      28
      21
      37
      30
      22
      23
      38
      24
      24
      19
      24
      37
      25
      18
      28
      19
      27
      29
      20
      29
      24
      22
      16
      14
      23
      27
      21
      21
      20
      20
      17
      22
      35
      25
      19
      21
      17
      16
      14
      20
      19
      18
      27
      21
      24
      11
      26
      21
      21
      22
      21
      26
      19
      17
      19
      20
      13
      15
      16
      25
      16
      18
      13
      23
      17
      14
      18
      23
      12
      11
      13
      11
      14
      18
      21
      18
      16
      18
      17
      26
      22
      26
      20
      18
      15
      16
      11
      17
      17
      14
      12
      19
      19
      25
      13
      18
      11
      17
      22
      26
       8
       6
      10
      13
      10
      19
      18
      11
      20
      12
      12
      12
      23
      19
      14
      18
      17
      15
      15
      10
       8
      16
      18
      11
      12
      18
      11
       9
      14
      11
      15
      15
       9
       9
      16
      19
      14
      14
      12
      12
      18
      17
      19
      16
      14
       8
      15
      10
      13
      15
      13
      16
      11
      13
      21
      10
      14
      13
      15
       9
      10
      13
      15
      12
      12
      17
      12
       9
      16
      10
      16
       8
      12
       7
      11
      10
      11
      11
      12
      14
      16
      10
      11
      17
       9
      16
      11
      16
      15
      10
      14
      16
      11
      13
       7
       8
      19
      10
      13
      11
      16
       9
      16
       7
       5
       7
       6
       6
       7
      15
      10
      11
      13
      12
      13
       9
       8
      11
      12
       9
      15
       9
       9
      11
      15
      12
       9
      11
      10
      12
      10
      19
       7
       7
       7
       7
       9
       6
      10
       9
       8
      11
      11
      14
      12
      10
      10
       8
       6
       7
      10
      10
       4
       3
      10
       4
       8
       4
       5
       7
       6
       5
       6
       6
       5
       8
       7
      10
       1
       8
       7
       2
       0
       0
       0
       0
       0
       0
       0
       0
       0
       0
       0
       0
       0
       0
       0
       0
       0
       0
       0
       0
       0
       0
       0
       0
       0
       0
       0
       0
       0
       0
       0
       0
       0
       0
       0
       0
       0
       0
       0
       0
       0
       0
       0
       0
       0
       0
       0
$ROI:
1
147 177
$PRESETS:
None
0
0
$ENER_FIT:
0.000000 3.991138
$MCA_CAL:
3
0.000000E+000 3.991138E+000 0.000000E+000 keV
$SHAPE_CAL:
3
1.151547E+001 0.000000E+000 0.000000E+000
