$SPEC_ID:
No sample description was entered.
$SPEC_REM:
DET# 1
DETDESC# PRAK01 Easy-MCA-2k SN 15071856
AP# Maestro Version 7.01
$DATE_MEA:
01/01/2002 01:14:59
$MEAS_TIM:
359 359
$DATA:
0 511
       0
       0
       0
       0
       0
       0
       0
       0
       0
       0
       0
       0
       0
       0
       0
       0
       0
       0
       0
       0
       0
       0
       0
       0
       0
       0
       0
       0
       0
       0
       0
       0
       0
       0
       0
       0
       2
      13
      19
     102
     142
     123
     102
     120
      90
      79
      79
      88
      70
      54
      92
     118
     136
     188
     271
     319
     373
     413
     367
     288
     225
     165
     113
      70
      39
      31
      29
      33
      32
      39
      33
      40
      34
      38
      30
      29
      24
      27
      30
      27
      31
      19
      23
      32
      35
      33
      28
      21
      19
      26
      26
      26
      28
      28
      30
      16
      23
      19
      18
      23
      25
      39
      23
      29
      30
      26
      32
      28
      43
      36
      31
      26
      28
      25
      28
      22
      22
      29
      31
      22
      30
      12
      18
      28
      23
      16
      27
      24
      31
      22
      23
      26
      34
      26
      26
      29
      41
      24
      30
      34
      28
      19
      19
      38
      26
      31
      21
      22
      34
      23
      27
      34
      29
      30
      28
      22
      36
      20
      25
      34
      26
      26
      24
      26
      29
      28
      32
      30
      33
      29
      24
      19
      19
      21
      31
      19
      28
      30
      29
      35
      23
      26
      27
      30
      33
      32
      26
      26
      24
      23
      33
      32
      27
      23
      29
      24
      22
      29
      26
      29
      24
      18
      20
      28
      13
      29
      33
      24
      23
      22
      29
      26
      25
      20
      22
      28
      20
      23
      18
      29
      23
      19
      22
      32
      22
      20
      18
      18
      26
      20
      17
      23
      25
      17
      22
      25
      24
      17
      24
      22
      18
      20
      16
      15
      23
      23
      17
      23
      24
      12
      13
      21
      16
      16
      19
      28
      20
      20
      23
      18
      18
      12
      21
      21
      18
      20
      19
      19
      15
      14
      12
      12
      27
      24
      28
      24
      20
      25
      26
      16
      14
       9
      17
      15
      19
      15
      17
      16
      14
      14
      17
      18
      20
      13
      22
      15
      16
       9
      17
      16
      21
      16
      20
      12
      10
      12
      15
      18
      16
       9
       7
      16
      12
      17
      16
       9
      14
      12
      13
      12
       9
      13
      30
      20
      12
      11
      16
       7
      13
      17
      20
      14
      15
      18
      12
      11
      10
      16
      24
       8
       8
      17
      10
      14
      13
      10
      15
       9
      10
      19
      19
      17
      20
       7
      12
       8
      11
      12
      13
       8
       7
       8
      15
       9
       9
      14
      12
      15
      12
      12
       7
       9
      15
      12
      15
      15
      20
      12
      17
      10
      10
      13
      13
       9
      12
       9
      15
       6
      12
       8
      16
      15
       7
       5
       9
      17
      13
      12
       7
      15
      16
      11
      10
      12
       9
       6
      10
      12
       8
       8
       7
      11
      12
       7
       9
       8
      14
      12
      14
      18
      11
      11
      11
      12
      13
      10
      10
       8
      11
      12
       6
       9
      12
       7
      13
      11
       7
      11
       7
       6
      11
       6
       5
       8
      12
       8
      10
      12
      12
       6
       9
      11
       9
       6
       4
       1
       3
       5
      10
       8
       8
       7
       5
       5
       4
       1
       0
       0
       0
       0
       0
       0
       0
       0
       0
       0
       0
       0
       0
       0
       0
       0
       0
       0
       0
       0
       0
       0
       0
       0
       0
       0
       0
       0
       0
       0
       0
       0
       0
       0
       0
       0
       0
       0
       0
       0
       0
       0
       0
       0
       0
       0
$ROI:
1
147 177
$PRESETS:
None
0
0
$ENER_FIT:
0.000000 3.991138
$MCA_CAL:
3
0.000000E+000 3.991138E+000 0.000000E+000 keV
$SHAPE_CAL:
3
1.151547E+001 0.000000E+000 0.000000E+000
