$SPEC_ID:
No sample description was entered.
$SPEC_REM:
DET# 1
DETDESC# PRAK01 Easy-MCA-2k SN 15071856
AP# Maestro Version 7.01
$DATE_MEA:
01/01/2002 02:24:45
$MEAS_TIM:
365 365
$DATA:
0 511
       0
       0
       0
       0
       0
       0
       0
       0
       0
       0
       0
       0
       0
       0
       0
       0
       0
       0
       0
       0
       0
       0
       0
       0
       0
       0
       0
       0
       0
       0
       0
       0
       0
       0
       0
       0
       6
      10
      14
      83
     130
     131
     116
      87
      93
      78
     100
      75
      72
      91
     109
     132
     209
     282
     340
     404
     415
     415
     320
     234
     157
      96
      61
      53
      43
      43
      32
      39
      34
      31
      29
      26
      43
      30
      15
      22
      31
      25
      20
      28
      26
      24
      23
      30
      22
      29
      24
      30
      27
      26
      21
      20
      18
      34
      20
      32
      37
      21
      19
      30
      22
      32
      34
      27
      36
      30
      27
      33
      33
      30
      29
      28
      21
      21
      22
      19
      22
      23
      37
      27
      23
      15
      31
      22
      28
      31
      21
      28
      36
      24
      22
      21
      28
      26
      29
      30
      22
      28
      22
      31
      21
      33
      31
      25
      32
      24
      39
      31
      34
      27
      30
      23
      23
      29
      32
      22
      20
      28
      28
      31
      24
      35
      28
      20
      26
      50
      28
      28
      31
      35
      25
      21
      23
      31
      28
      37
      20
      34
      27
      25
      26
      31
      25
      23
      38
      20
      30
      24
      26
      28
      28
      37
      19
      27
      32
      16
      33
      23
      28
      28
      24
      18
      20
      27
      19
      27
      18
      27
      21
      31
      27
      21
      15
      24
      16
      29
      25
      23
      23
      24
      25
      24
      19
      22
      26
      24
      19
      27
      25
      28
      31
      23
      18
      23
      28
      25
      19
      27
      23
      19
      22
      20
      14
      17
      17
      19
      18
      14
      17
      32
      21
      18
      14
      27
      19
      20
      16
      21
      23
      16
      17
      17
      15
      10
      11
      17
      14
      15
      21
      15
      22
      17
      20
      18
      14
      17
      20
      17
      15
      18
      15
      18
      14
      21
      10
      10
      18
      13
      23
      14
      21
      19
      17
      16
      18
      18
      14
       8
      10
      18
      17
      12
      12
      11
      16
      12
      15
      20
      13
      16
      22
       8
      18
      11
      13
      16
      11
      15
       5
       9
      15
      14
      16
      18
       8
      10
      13
      21
      11
      13
      11
      10
       8
      13
      18
      13
      17
      12
      10
      11
      13
      14
      12
      12
       9
      21
      10
      10
      15
      11
      15
      12
      14
      12
      13
      15
      13
      12
      13
      10
      12
      12
      14
      20
      11
       7
      10
      12
      14
      15
      12
      10
      12
       9
      11
       9
      10
      11
      15
       7
      14
       8
       8
      14
      15
      11
      15
       8
      13
      11
      10
       7
       8
       9
      15
      15
      12
       7
       9
      11
       5
      13
       7
      10
      10
       8
      15
      17
      14
       8
      11
      11
      13
      14
      15
       8
      12
       7
      12
      13
      14
      11
       4
       9
       8
      13
       9
      11
       5
       6
       3
       8
      12
       7
       9
       7
       7
      13
       8
       5
       7
      12
       8
       4
      11
       8
       9
       7
       5
       9
      11
       4
       7
       8
       7
       7
      11
       6
       4
       3
       2
       6
       9
      10
       5
       0
       0
       0
       0
       0
       0
       0
       0
       0
       0
       0
       0
       0
       0
       0
       0
       0
       0
       0
       0
       0
       0
       0
       0
       0
       0
       0
       0
       0
       0
       0
       0
       0
       0
       0
       0
       0
       0
       0
       0
       0
       0
       0
       0
       0
       0
       0
$ROI:
1
147 177
$PRESETS:
None
0
0
$ENER_FIT:
0.000000 3.991138
$MCA_CAL:
3
0.000000E+000 3.991138E+000 0.000000E+000 keV
$SHAPE_CAL:
3
1.151547E+001 0.000000E+000 0.000000E+000
