$SPEC_ID:
No sample description was entered.
$SPEC_REM:
DET# 1
DETDESC# PRAK01 Easy-MCA-2k SN 15071856
AP# Maestro Version 7.01
$DATE_MEA:
01/01/2002 02:13:34
$MEAS_TIM:
99 99
$DATA:
0 511
       0
       0
       0
       0
       0
       0
       0
       0
       0
       0
       0
       0
       0
       0
       0
       0
       0
       0
       0
       0
       0
       0
       0
       0
       0
       0
       0
       0
       0
       0
       0
       0
       0
       0
       0
       0
       2
       9
       5
      89
     106
      88
      78
      79
      60
      62
      46
      59
      66
      59
      64
     115
     162
     228
     361
     416
     452
     384
     342
     238
     145
     100
      60
      30
      19
      21
      17
      13
      19
      22
      13
      17
      12
       8
      13
      12
       9
      11
      14
      21
      14
      11
       8
       9
       9
      10
       8
      10
      16
       8
      10
      11
      12
      13
       8
      13
       9
      16
      12
      11
       9
      10
      11
       9
       7
      16
      20
      13
      13
       5
      10
      14
      15
      19
      10
      13
      15
       8
      14
      19
       7
      21
      17
      12
      17
      14
       9
      11
      14
      17
      16
       9
      13
      11
      13
      11
      13
      12
      14
      13
      20
      18
       8
      14
      13
      22
      14
      12
      15
      13
      21
      11
      17
      16
      13
      16
       4
      18
      12
       8
      16
       8
      16
      10
      14
      19
      15
      13
      15
       7
      14
      14
      19
       6
       7
      12
      15
      10
      10
       7
       6
      16
      17
      13
      10
      11
      15
      15
      12
      13
      16
      16
      11
       9
      12
      13
      11
      20
      16
      22
      16
      15
      11
       8
      17
      14
       5
       8
      11
       9
      20
      11
      14
      13
      16
      10
      12
      15
      22
      16
      13
      13
      15
      10
      13
      11
       9
       9
      12
      12
      12
      12
      10
      13
       8
      16
      14
      12
      10
      10
      10
      14
       8
      14
       9
       7
      17
       5
       6
      11
      15
      10
      13
       7
      13
       8
      10
       9
       7
      10
      12
      14
       7
      15
       8
      13
       9
       6
      11
      13
      12
      14
      11
      14
      10
      11
       8
       6
       9
      11
      11
      14
      13
      13
       7
       9
       5
       3
      11
      11
       6
       9
       9
       7
       7
      12
       7
      11
       7
       5
      17
      11
       3
       8
      13
      11
       9
      10
      15
       8
      10
      13
      11
      10
      12
      11
      12
      10
       9
       5
       7
      10
       6
      15
       5
       9
      10
       8
      13
      10
       8
       8
      10
       9
      11
       7
       6
      11
       7
      10
       8
      12
       6
       5
      13
       3
       6
      13
       6
       7
       8
      10
       9
       9
       6
       8
       5
      10
       8
      10
      12
       9
      12
      10
      11
       8
       6
       4
       9
       6
      11
       9
       4
       4
      11
      14
      10
       5
      10
       7
      16
      13
       9
      11
       8
       7
      10
      13
       8
       9
       5
      10
       7
      13
       7
       3
       9
       5
       6
       6
      19
      10
       8
      13
       8
       9
      14
      15
       7
       9
       6
      11
      10
      11
       5
      11
       8
       8
      10
      21
      12
       9
      14
       9
      11
       8
       8
       1
      13
       9
       9
       2
      10
       4
       3
       7
       9
       8
       6
       8
       2
       4
       7
      12
       4
       4
       0
       2
       0
       6
       6
       4
       9
       6
       5
       6
       4
       5
      12
       4
       8
       6
       0
       1
       5
       0
       0
       0
       0
       0
       0
       0
       0
       0
       0
       0
       0
       0
       0
       0
       0
       0
       0
       0
       0
       0
       0
       0
       0
       0
       0
       0
       0
       0
       0
       0
       0
       0
       0
       0
       0
       0
       0
       0
       0
       0
       0
       0
       0
       0
       0
       0
$ROI:
1
147 177
$PRESETS:
None
0
0
$ENER_FIT:
0.000000 3.991138
$MCA_CAL:
3
0.000000E+000 3.991138E+000 0.000000E+000 keV
$SHAPE_CAL:
3
1.151547E+001 0.000000E+000 0.000000E+000
