$SPEC_ID:
No sample description was entered.
$SPEC_REM:
DET# 1
DETDESC# PRAK01 Easy-MCA-2k SN 15071856
AP# Maestro Version 7.01
$DATE_MEA:
01/01/2002 02:31:39
$MEAS_TIM:
141 141
$DATA:
0 511
       0
       0
       0
       0
       0
       0
       0
       0
       0
       0
       0
       0
       0
       0
       0
       0
       0
       0
       0
       0
       0
       0
       0
       0
       0
       0
       0
       0
       0
       0
       0
       0
       0
       0
       0
       0
       2
      12
      14
     104
     113
     119
      86
      74
      68
      68
      60
      58
      61
      70
     113
     137
     217
     314
     388
     414
     427
     381
     274
     201
     124
      72
      43
      31
      28
      24
      17
      21
      25
      22
      14
      21
      13
      13
      16
      16
      17
      13
      19
      15
      11
      11
      12
      20
      17
      16
      13
      19
      15
      14
      14
      17
      12
       8
      13
      15
      15
      10
      14
      19
      16
       9
      22
      19
      19
      18
      14
      18
      13
      13
      19
      19
      21
      10
      10
      21
      22
      17
      17
      24
      17
      15
      14
      22
      10
      15
      17
      18
      17
      18
      18
      13
      17
      21
      18
      17
      16
      19
      18
      18
      11
      16
      18
      16
      21
      16
      21
      21
      15
      29
      13
      18
      19
      14
      13
      10
      16
      20
      23
      13
      13
      19
      16
      16
      14
      13
      19
      14
      15
      14
      22
      16
      21
      21
      22
      17
      25
      19
      13
      13
      21
      19
      21
      16
      17
      20
      16
      14
      11
      21
      17
      15
      13
      15
      16
      18
      24
      20
      17
      21
      19
      17
      20
      16
      19
      13
      24
      14
      14
      14
      14
      25
      16
       8
      16
      12
      18
      19
      15
      14
      19
      13
      14
      12
      20
      11
      18
      12
      12
      16
      10
      12
      18
       6
      19
      15
      14
      13
      19
      13
      19
      16
      13
      12
      21
      15
       8
      14
       7
       9
      13
      15
      12
      18
      10
      13
      15
      13
      13
      15
      20
      14
      10
      11
      11
      10
      15
      16
      10
      13
      14
       9
       8
      11
       8
       9
      12
      10
      14
      13
      14
       9
      11
       2
      15
      12
      17
      13
      19
       7
       9
      10
      15
      10
      11
      19
      10
      11
      11
      18
       6
      15
      13
       7
       7
      19
      15
      11
       8
      12
       7
      13
      15
      12
      12
      10
      12
       6
      17
      11
      16
      12
      14
       7
      12
      11
       5
       8
       9
      15
       7
       9
       9
       7
      10
      12
       7
      12
       8
       7
      10
      10
      14
      14
      16
      13
       8
       7
      10
      22
      12
       8
      13
      12
       9
      13
      11
      12
      16
      14
      11
       8
      12
       6
       7
       6
       8
      11
      12
      14
      11
      12
       7
      11
      11
      10
      11
      12
       8
       6
       9
      16
      12
       9
       4
      10
      12
       8
       5
      14
      11
       8
       4
       9
       7
       8
       5
       7
      10
      17
       7
       8
       6
      11
      11
       7
       5
      11
       8
       7
      12
      12
      10
      11
      10
       7
       6
       8
      10
       8
      12
       8
       7
      11
      11
       8
      14
       8
      14
       9
       9
       5
       8
      13
      14
       7
       7
       5
      14
       8
       7
       9
       2
       6
       6
       5
       4
       5
       4
       9
       7
       7
       2
       5
       4
       4
      11
       1
       4
       3
       3
       1
       7
       4
       0
       0
       0
       0
       0
       0
       0
       0
       0
       0
       0
       0
       0
       0
       0
       0
       0
       0
       0
       0
       0
       0
       0
       0
       0
       0
       0
       0
       0
       0
       0
       0
       0
       0
       0
       0
       0
       0
       0
       0
       0
       0
       0
       0
       0
       0
       0
       0
$ROI:
1
147 177
$PRESETS:
None
0
0
$ENER_FIT:
0.000000 3.991138
$MCA_CAL:
3
0.000000E+000 3.991138E+000 0.000000E+000 keV
$SHAPE_CAL:
3
1.151547E+001 0.000000E+000 0.000000E+000
