$SPEC_ID:
No sample description was entered.
$SPEC_REM:
DET# 1
DETDESC# PRAK01 Easy-MCA-2k SN 15071856
AP# Maestro Version 7.01
$DATE_MEA:
01/01/2002 01:55:39
$MEAS_TIM:
203 203
$DATA:
0 511
       0
       0
       0
       0
       0
       0
       0
       0
       0
       0
       0
       0
       0
       0
       0
       0
       0
       0
       0
       0
       0
       0
       0
       0
       0
       0
       0
       0
       0
       0
       0
       0
       0
       0
       0
       0
       3
      12
       9
      63
      84
     101
      85
      81
      79
      65
      82
      56
      57
      58
      71
     121
     150
     233
     295
     373
     408
     399
     343
     248
     162
     110
      61
      35
      26
      23
      23
      22
      28
      18
      22
      18
      19
      33
      20
      18
      16
      24
       9
      21
      13
      16
      19
      25
      12
      13
      14
      14
      15
      17
      14
      14
      21
      16
      17
      13
      14
      14
      14
      17
      17
      20
      13
      16
      19
      22
      17
      21
      21
      20
      18
      15
      16
      13
      13
      17
      18
      19
      15
      18
       7
      17
      16
      15
      17
      13
      21
      15
       9
      22
      12
      19
      17
      13
      14
      21
      19
      13
      12
      23
      17
      19
      16
      24
      13
      27
      15
      16
      25
      25
      18
      18
      16
      19
      13
      22
      20
      15
      16
      28
      14
      24
      23
      15
      22
      16
      15
      19
      10
      16
      17
      17
      15
      18
      20
      25
      14
      16
      15
      18
      20
      16
      17
      20
      13
      14
      16
      18
      24
      25
      17
      15
      17
      24
      19
      18
      18
      14
      16
      26
      19
      16
      25
      30
      13
      15
      18
      15
      20
      16
      22
      18
      25
      13
      14
      15
      24
      16
      17
      19
      14
      15
      20
      15
      12
       8
      15
      16
      17
      14
      10
       9
      20
      15
      14
      13
       9
      18
      23
      11
      13
      12
      20
      18
      17
      10
      13
      14
       9
      16
       9
      18
       9
      14
      16
       9
      17
      19
      12
      12
      13
      10
      17
      16
      14
      18
       9
      13
      10
      17
      14
      15
      15
      13
      16
       8
      20
      13
      14
      19
      12
       9
      11
       8
      12
       7
      11
       8
      11
      12
      13
      12
       8
      10
      16
       9
      14
      10
      17
       8
      13
       9
      10
      11
      13
       7
      14
      10
      14
       8
      10
      11
      12
       8
      13
      13
       6
      13
       8
       9
      11
      10
      19
      15
      11
      16
      16
       5
       5
      12
       9
      11
       6
       9
       4
      10
       9
      15
       9
       8
      14
       6
       9
       8
       4
      12
       9
      12
       7
      11
       7
      17
       3
      15
       7
      14
      12
      12
       9
       7
       9
       8
       7
       7
      10
      14
       4
      16
      11
       6
       8
       7
       9
       7
      11
      12
       8
      11
       7
      12
      11
      10
       5
      10
       7
      11
      11
       9
       7
       7
       6
      12
      12
       2
       9
       5
      12
      10
       6
       8
       3
       9
       8
      10
       5
       4
       8
       5
       6
       3
      11
      11
       8
       7
       2
       7
       9
      11
      11
       8
       3
       9
      13
      10
       6
      11
       9
      10
       8
       7
       3
       7
       8
      10
       6
       8
       6
       6
       7
      12
       2
       3
       4
       8
       4
       6
       6
       4
       7
       5
       5
       9
       3
       6
       7
      11
       3
       5
      11
       5
       6
       3
       6
       7
       5
       1
       0
       0
       0
       0
       0
       0
       0
       0
       0
       0
       0
       0
       0
       0
       0
       0
       0
       0
       0
       0
       0
       0
       0
       0
       0
       0
       0
       0
       0
       0
       0
       0
       0
       0
       0
       0
       0
       0
       0
       0
       0
       0
       0
       0
       0
       0
$ROI:
1
147 177
$PRESETS:
None
0
0
$ENER_FIT:
0.000000 3.991138
$MCA_CAL:
3
0.000000E+000 3.991138E+000 0.000000E+000 keV
$SHAPE_CAL:
3
1.151547E+001 0.000000E+000 0.000000E+000
