$SPEC_ID:
No sample description was entered.
$SPEC_REM:
DET# 1
DETDESC# PRAK01 Easy-MCA-2k SN 15071856
AP# Maestro Version 7.01
$DATE_MEA:
01/01/2002 01:21:55
$MEAS_TIM:
338 338
$DATA:
0 511
       0
       0
       0
       0
       0
       0
       0
       0
       0
       0
       0
       0
       0
       0
       0
       0
       0
       0
       0
       0
       0
       0
       0
       0
       0
       0
       0
       0
       0
       0
       0
       0
       0
       0
       0
       0
       3
      10
      21
      85
     148
     128
     120
     105
      99
     108
      67
      70
      86
      90
      79
     107
     133
     209
     280
     343
     399
     416
     341
     279
     228
     163
      89
      46
      45
      40
      32
      32
      39
      41
      35
      28
      31
      38
      22
      26
      28
      26
      28
      23
      32
      27
      26
      34
      28
      24
      20
      27
      23
      22
      24
      33
      29
      26
      29
      11
      22
      20
      16
      23
      15
      28
      24
      22
      30
      25
      37
      34
      28
      32
      26
      20
      20
      37
      31
      23
      33
      27
      15
      24
      24
      21
      27
      16
      18
      19
      20
      25
      22
      19
      21
      26
      28
      23
      27
      31
      31
      20
      37
      28
      31
      25
      28
      32
      33
      23
      28
      31
      18
      25
      20
      21
      20
      25
      28
      26
      24
      28
      27
      35
      29
      23
      24
      24
      34
      29
      30
      34
      28
      29
      27
      23
      32
      26
      24
      22
      20
      25
      20
      26
      32
      23
      22
      16
      35
      19
      39
      31
      31
      27
      15
      27
      24
      27
      25
      17
      24
      24
      24
      27
      24
      20
      27
      19
      24
      21
      27
      22
      15
      31
      28
      23
      28
      25
      28
      20
      25
      25
      25
      26
      23
      23
      21
      22
      17
      17
      22
      12
      26
      18
      25
      14
      19
      15
      20
      19
      16
      27
      25
      14
      30
      21
      16
      22
      16
      24
      20
      17
      10
      19
      30
      18
       9
      24
      20
      28
      23
      14
      18
      21
      11
      27
      22
      12
      21
      17
      17
      21
      18
      25
      16
      18
      15
      16
      16
      17
      15
      13
      17
      19
      13
      17
      14
      13
      11
      16
      11
      14
      19
      11
      10
      18
      20
      15
      14
      21
      24
      14
      11
      19
      17
      14
      11
       9
      15
      18
      15
      12
      17
      12
      20
      11
      16
      13
      15
      16
      16
      16
      14
      12
       9
      10
      13
       8
      21
      20
      17
      13
      10
      13
      18
      11
      14
       8
      13
       7
       8
      16
      11
       9
      19
      16
      14
      16
      12
      16
      16
      14
      22
      10
       8
      13
      12
      12
      14
       5
       7
      16
      12
      15
      10
      13
      11
      11
      12
      15
      17
      16
       6
      13
      10
      10
      13
       4
      12
       7
       6
      10
      14
      10
      12
      12
      14
       8
      13
      12
       9
      15
       8
       7
       7
      11
       9
      17
      13
      12
      14
      10
      11
      17
      13
      13
      11
       3
      16
      10
       8
      10
       8
      12
      18
      12
      13
      12
       5
      11
       8
      13
      13
       7
       7
       6
      14
      16
       7
      12
      11
      13
      15
      13
      13
      10
       7
      12
       5
      11
      11
       7
      10
       8
       3
       3
       9
      10
       8
       6
       9
       9
      10
      11
      14
      13
       7
       8
       5
      11
       4
       7
       8
       2
       4
      14
       9
       4
       5
       0
       0
       0
       0
       0
       0
       0
       0
       0
       0
       0
       0
       0
       0
       0
       0
       0
       0
       0
       0
       0
       0
       0
       0
       0
       0
       0
       0
       0
       0
       0
       0
       0
       0
       0
       0
       0
       0
       0
       0
       0
       0
       0
       0
       0
       0
       0
$ROI:
1
147 177
$PRESETS:
None
0
0
$ENER_FIT:
0.000000 3.991138
$MCA_CAL:
3
0.000000E+000 3.991138E+000 0.000000E+000 keV
$SHAPE_CAL:
3
1.151547E+001 0.000000E+000 0.000000E+000
