$SPEC_ID:
No sample description was entered.
$SPEC_REM:
DET# 1
DETDESC# PRAK01 Easy-MCA-2k SN 15071856
AP# Maestro Version 7.01
$DATE_MEA:
01/01/2002 01:45:57
$MEAS_TIM:
233 233
$DATA:
0 511
       0
       0
       0
       0
       0
       0
       0
       0
       0
       0
       0
       0
       0
       0
       0
       0
       0
       0
       0
       0
       0
       0
       0
       0
       0
       0
       0
       0
       0
       0
       0
       0
       0
       0
       0
       0
       3
      13
      12
      90
      98
     103
     106
     102
      79
      77
      57
      57
      68
      69
      70
     101
     162
     223
     313
     404
     431
     382
     336
     237
     163
      85
      46
      30
      31
      22
      23
      28
      41
      28
      30
      15
      22
      33
      19
      19
      16
      18
      15
      12
      28
      24
      19
      20
      23
      21
      21
      19
      19
      13
      15
      22
      18
      16
      16
       9
      19
      13
      15
      17
      24
      18
      15
      19
      19
      31
      30
      28
      26
      21
      20
      19
      21
      18
      20
      18
      30
      11
      23
      16
      18
      16
      25
      18
      22
      18
      19
      16
      14
      16
       8
      17
      12
      12
      20
      22
      16
       8
      20
      18
      19
      28
      11
      25
      21
      18
      31
      15
      19
      25
      19
      24
      18
      17
      25
      17
      24
      18
      19
      19
      19
      20
      15
      15
      18
      21
      24
      23
      18
      20
      18
      21
      22
      14
      27
      13
      22
      20
      27
      15
      29
      20
      24
      23
      18
      19
      21
      17
      25
      10
      22
      22
      21
      25
      23
      28
      11
      23
      24
      20
      14
      25
      21
      25
      16
      17
      24
      23
      21
      22
      17
      18
      18
      20
      15
      10
      18
      23
      16
      10
      17
      22
      18
       9
      16
      19
      17
      15
      13
      18
      12
      20
      15
      13
      21
      19
      17
      14
      19
      14
      21
      23
      12
      16
      18
      23
       9
      15
      11
      20
      14
      18
      14
      15
      18
      22
      12
      21
      17
      17
      15
      16
      13
      16
      11
      12
       8
      13
      12
      15
      17
      13
      18
      16
      16
      16
      12
      14
      20
      19
       9
       7
      13
       9
      15
      13
      14
      12
      11
      12
      21
      10
      11
      11
      12
       8
      12
      14
      12
      10
      20
      11
      15
       9
      12
      11
      13
       6
       7
      12
       7
      13
      13
       8
      18
      12
      11
      11
      15
       7
      10
      11
      13
      10
      12
      14
      13
       7
      12
      12
       7
      12
      12
      12
      10
       9
      16
      15
       8
      12
       8
      12
       9
       8
      13
       9
      11
      13
       7
      14
      13
      14
      10
      10
      11
      12
       9
       8
       9
       8
      20
      17
       7
      10
       9
      10
       7
       9
       3
       5
       6
      10
      16
      12
       6
      10
       6
       9
      11
      14
       9
      12
       8
      10
      15
      13
      13
      10
      11
       8
       8
       2
       9
      14
       7
      13
      13
      13
       8
       8
       6
      10
      10
      15
      14
       6
      12
      12
      14
      16
       5
      12
       7
       7
       6
       8
      12
       9
       9
      10
      13
      12
       9
       3
      12
      11
      12
       9
       9
      10
       7
       7
       5
       7
      13
       5
       6
       8
       4
      11
       8
       8
       7
       7
      12
       6
       5
       8
       8
       5
       7
       8
       8
       4
       5
       2
       6
       8
       5
       8
       8
       4
       4
       5
       2
       0
       0
       0
       0
       0
       0
       0
       0
       0
       0
       0
       0
       0
       0
       0
       0
       0
       0
       0
       0
       0
       0
       0
       0
       0
       0
       0
       0
       0
       0
       0
       0
       0
       0
       0
       0
       0
       0
       0
       0
       0
       0
       0
       0
       0
       0
       0
$ROI:
1
147 177
$PRESETS:
None
0
0
$ENER_FIT:
0.000000 3.991138
$MCA_CAL:
3
0.000000E+000 3.991138E+000 0.000000E+000 keV
$SHAPE_CAL:
3
1.151547E+001 0.000000E+000 0.000000E+000
