$SPEC_ID:
No sample description was entered.
$SPEC_REM:
DET# 1
DETDESC# PRAK01 Easy-MCA-2k SN 15071856
AP# Maestro Version 7.01
$DATE_MEA:
01/01/2002 01:30:17
$MEAS_TIM:
91 92
$DATA:
0 511
       0
       0
       0
       0
       0
       0
       0
       0
       0
       0
       0
       0
       0
       0
       0
       0
       0
       0
       0
       0
       0
       0
       0
       0
       0
       0
       0
       0
       0
       0
       0
       0
       0
       0
       0
       0
       1
      10
       9
      71
      83
      96
      69
      68
      71
      50
      47
      37
      44
      56
      46
      93
     105
     169
     269
     351
     390
     399
     403
     264
     205
     123
      71
      30
      23
      13
      13
      17
      13
       7
       8
      10
      10
      10
      16
      15
       8
      11
      14
       9
       5
      12
      10
       7
      14
      11
      15
       4
      12
       8
       7
      12
       8
       9
      13
      11
      10
       9
      13
      10
       9
      16
      11
       8
       7
      12
      10
      15
      11
       9
      19
      16
      14
      12
       9
      10
      11
       9
       9
      11
      12
       6
       5
       9
      10
      11
      10
       8
       8
       8
      11
       5
       5
      10
      11
       6
      11
      10
      14
      10
       9
      17
      11
      16
      10
      11
       7
      14
       9
      12
      14
      17
      11
      18
      17
       7
      12
      12
      14
      12
      13
      14
      11
       9
      15
      10
      10
      16
      11
      17
      17
      13
      13
      13
      17
      10
      12
       5
      14
      12
      16
      15
      20
      14
      15
      13
       9
       7
       9
      11
       9
      15
      10
       7
      12
      10
      13
       9
      17
       6
      11
       9
      10
      16
      20
      18
       9
      15
       9
      10
      16
       9
       9
       8
      12
      15
       9
      12
      10
      13
       7
      17
      12
      10
      13
       8
      10
       9
      14
       7
      16
       9
      10
      18
      11
      17
       5
      13
       9
      11
       7
      12
      11
       8
      10
       7
      10
       6
      11
       7
      10
      11
      10
      12
       6
      13
       7
      14
       8
       8
       8
      15
       8
      10
      11
      10
      14
       4
       9
       9
       5
      10
       2
       6
      14
       6
       6
       7
      11
       8
      11
       7
      15
       4
      13
      14
      10
      11
       4
      12
       6
       8
      14
      11
       8
       5
       8
      13
       8
       5
       8
       6
      11
       9
      13
      10
       7
      13
       6
       8
       5
       7
       9
      11
      11
      11
       8
       3
       8
       9
       6
      11
       8
       9
      10
       9
       8
      15
      12
       4
      13
       8
      15
       5
       3
       6
       5
       7
       8
      12
       7
      10
      10
       8
       8
       7
       6
       6
       4
       4
       8
       3
      15
       7
       6
       8
      10
       5
       8
      12
       7
      10
       7
       7
       8
       7
       7
      11
       6
       7
       4
       7
      10
       9
       6
      10
       4
       6
       5
      11
       6
       5
       6
      10
       8
      10
       6
       8
       8
       6
      11
       7
       6
      10
       5
       7
       8
       9
       9
      12
       9
      10
       9
       5
      12
       9
       8
      13
       8
       4
      11
       7
       5
       8
       9
      13
      10
       8
       7
       8
       5
      10
       9
       4
      12
      11
       8
       4
       6
       5
       6
       5
       5
       6
       6
       4
       2
      10
       5
       7
       5
       9
       2
      10
       9
       5
       6
       8
       5
       7
       2
       6
       4
       9
       5
       4
       7
      12
       3
       5
       3
       3
       7
       4
       2
       1
       0
       0
       0
       0
       0
       0
       0
       0
       0
       0
       0
       0
       0
       0
       0
       0
       0
       0
       0
       0
       0
       0
       0
       0
       0
       0
       0
       0
       0
       0
       0
       0
       0
       0
       0
       0
       0
       0
       0
       0
       0
       0
       0
       0
       0
       0
$ROI:
1
147 177
$PRESETS:
None
0
0
$ENER_FIT:
0.000000 3.991138
$MCA_CAL:
3
0.000000E+000 3.991138E+000 0.000000E+000 keV
$SHAPE_CAL:
3
1.151547E+001 0.000000E+000 0.000000E+000
