$SPEC_ID:
No sample description was entered.
$SPEC_REM:
DET# 1
DETDESC# PRAK01 Easy-MCA-2k SN 15071856
AP# Maestro Version 7.01
$DATE_MEA:
01/01/2002 02:00:36
$MEAS_TIM:
699 700
$DATA:
0 511
       0
       0
       0
       0
       0
       0
       0
       0
       0
       0
       0
       0
       0
       0
       0
       0
       0
       0
       0
       0
       0
       0
       0
       0
       0
       0
       0
       0
       0
       0
       0
       0
       0
       0
       0
       0
       6
      11
      23
     148
     191
     179
     162
     125
     140
     123
     134
     117
     124
     111
     112
     150
     201
     261
     311
     363
     427
     368
     338
     231
     181
     143
      88
      86
      77
      78
      51
      82
      71
      63
      57
      57
      50
      61
      73
      66
      45
      54
      39
      41
      43
      51
      52
      32
      54
      57
      49
      44
      49
      50
      44
      38
      33
      46
      45
      36
      44
      46
      34
      54
      35
      56
      55
      38
      70
      42
      48
      49
      55
      54
      58
      47
      48
      40
      48
      41
      52
      37
      39
      46
      45
      57
      36
      44
      43
      39
      39
      39
      47
      29
      40
      36
      30
      39
      50
      35
      41
      55
      52
      45
      42
      65
      49
      40
      44
      50
      50
      59
      54
      42
      47
      51
      53
      52
      50
      54
      47
      39
      59
      43
      48
      43
      38
      41
      52
      46
      48
      40
      53
      59
      51
      62
      50
      54
      53
      52
      46
      42
      53
      54
      42
      41
      52
      49
      51
      39
      49
      44
      41
      46
      36
      48
      41
      45
      50
      46
      36
      45
      49
      52
      49
      52
      44
      51
      27
      47
      49
      43
      50
      43
      52
      47
      39
      37
      47
      39
      35
      39
      39
      40
      47
      41
      40
      51
      35
      34
      54
      40
      46
      40
      26
      36
      49
      36
      29
      31
      31
      37
      35
      38
      35
      27
      25
      32
      45
      40
      28
      22
      25
      34
      30
      22
      28
      28
      23
      23
      37
      38
      24
      38
      26
      28
      27
      37
      39
      24
      33
      28
      29
      28
      28
      30
      32
      29
      32
      24
      34
      27
      26
      31
      29
      33
      23
      21
      24
      32
      21
      17
      29
      26
      25
      24
      26
      19
      27
      30
      21
      14
      22
      24
      22
      23
      24
      30
      24
      13
      20
      18
      26
      17
      31
      24
      25
      27
      24
      28
      20
      25
      27
      20
      18
      23
      12
      21
      26
      19
      27
      17
      22
      10
      18
      28
      19
      15
      20
      18
      19
      29
      25
      25
      16
      24
      26
      20
      15
      20
      14
      13
      19
      15
      16
      20
      20
      18
      23
      16
      19
      23
      17
      13
      11
      18
      11
      17
      12
      13
      21
      17
      25
      14
      14
      14
      21
      16
      14
      15
      10
      13
      20
      16
      15
      17
      16
      19
      14
      14
      11
      17
      17
      16
      17
      22
      19
      16
       9
      16
      15
      11
      16
      13
      13
      13
      13
      18
      16
      19
      13
      20
      18
      16
      20
       9
      19
       8
      14
      21
      17
      15
      15
      13
      13
      19
      16
      12
      19
      21
      11
      17
      14
      11
       5
      13
       9
       5
       8
      10
      22
      12
      10
      11
      10
      11
      10
      14
      18
       8
      10
       6
      14
       7
       8
      10
      14
       7
      11
      11
       5
      13
      16
      10
      15
      14
      14
       8
      11
       3
       0
       0
       0
       0
       0
       0
       0
       0
       0
       0
       0
       0
       0
       0
       0
       0
       0
       0
       0
       0
       0
       0
       0
       0
       0
       0
       0
       0
       0
       0
       0
       0
       0
       0
       0
       0
       0
       0
       0
       0
       0
       0
       0
       0
       0
       0
$ROI:
1
147 177
$PRESETS:
None
0
0
$ENER_FIT:
0.000000 3.991138
$MCA_CAL:
3
0.000000E+000 3.991138E+000 0.000000E+000 keV
$SHAPE_CAL:
3
1.151547E+001 0.000000E+000 0.000000E+000
