       0
       0
       0
       0
       0
       0
       0
       0
       0
       0
       0
       0
       0
       0
       0
       0
       0
       0
       0
       0
       0
       0
       0
       0
       0
       0
       0
       0
       0
       0
       0
       0
       0
       0
       0
       0
       2
      12
      25
     153
     177
     184
     153
     147
     132
     136
     135
     113
     125
     120
     136
     146
     181
     243
     252
     320
     392
     396
     349
     305
     205
     136
     105
      90
      70
      67
      63
      68
      67
      52
      59
      61
      57
      45
      51
      34
      52
      60
      48
      47
      64
      39
      43
      49
      49
      42
      53
      47
      38
      42
      54
      39
      25
      41
      38
      38
      36
      32
      34
      44
      43
      45
      33
      47
      50
      49
      55
      56
      39
      63
      40
      51
      46
      41
      48
      53
      42
      52
      39
      37
      47
      36
      29
      40
      35
      36
      47
      41
      39
      56
      32
      47
      43
      41
      41
      52
      42
      46
      57
      55
      50
      50
      46
      54
      52
      51
      39
      34
      48
      39
      47
      45
      44
      46
      37
      41
      37
      33
      45
      40
      30
      50
      45
      47
      42
      40
      36
      45
      49
      49
      67
      62
      49
      53
      49
      49
      47
      36
      50
      62
      49
      57
      50
      60
      41
      44
      42
      31
      54
      41
      52
      40
      53
      47
      45
      39
      45
      42
      58
      31
      44
      38
      31
      52
      45
      48
      36
      39
      51
      31
      29
      28
      48
      37
      37
      41
      37
      30
      40
      36
      40
      33
      49
      26
      35
      43
      38
      33
      37
      37
      42
      33
      18
      32
      26
      35
      29
      44
      41
      45
      34
      38
      19
      31
      45
      36
      25
      40
      31
      37
      33
      30
      34
      36
      43
      29
      32
      23
      30
      27
      28
      28
      27
      26
      28
      27
      26
      24
      33
      36
      35
      16
      29
      38
      19
      32
      36
      29
      29
      33
      20
      21
      33
      25
      18
      24
      28
      17
      27
      15
      25
      18
      19
      27
      26
      21
      19
      28
      22
      31
      27
      21
      31
      21
      11
      27
      20
      18
      21
      22
      18
      23
      32
      18
      24
      27
      15
      24
      22
      21
      18
      24
      23
      14
      37
      27
      21
      24
      18
      31
      32
      22
      17
      23
      28
      29
       5
      18
      24
      23
      24
      24
      20
      19
      20
      19
      17
      18
      21
      12
      20
      13
      15
      14
       6
      16
      22
      14
      18
      14
      17
      18
      15
      19
      23
      10
      19
      19
      21
      18
      15
      15
       5
      16
      18
      15
      11
      15
      25
      14
      20
      25
      17
      14
      13
      20
      16
      15
      12
      16
      17
      15
      12
      10
      25
      23
      14
      17
      13
      16
      12
      15
      15
      11
      10
      15
      16
      14
      12
      20
      17
      12
      18
      14
      12
      13
      13
      10
      21
      11
      22
      12
      13
      12
      17
      12
      14
      16
      12
       9
       9
       8
      14
      14
      14
       8
      13
      14
       9
      14
      13
       9
      12
      10
      14
      11
      12
      11
      11
      14
       5
       9
       7
      13
       7
      12
      12
      16
       9
      10
      10
       3
      10
       5
       6
       0
       0
       0
       0
       0
       0
       0
       0
       0
       0
       0
       0
       0
       0
       0
       0
       0
       0
       0
       0
       0
       0
       0
       0
       0
       0
       0
       0
       0
       0
       0
       0
       0
       0
       0
       0
       0
       0
       0
       0
       0
       0
       0
       0
       0
       0
       0
