$SPEC_ID:
No sample description was entered.
$SPEC_REM:
DET# 1
DETDESC# PRAK01 Easy-MCA-2k SN 15071856
AP# Maestro Version 7.01
$DATE_MEA:
01/01/2002 03:19:50
$MEAS_TIM:
138 138
$DATA:
0 511
       0
       0
       0
       0
       0
       0
       0
       0
       0
       0
       0
       0
       0
       0
       0
       0
       0
       0
       0
       0
       0
       0
       0
       0
       0
       0
       0
       0
       0
       0
       0
       0
       0
       0
       0
       0
       7
      36
      53
     379
     492
     443
     343
     340
     315
     242
     252
     250
     228
     298
     443
     653
    1067
    1555
    2059
    2383
    2461
    2205
    1636
    1077
     693
     353
     169
      80
      55
      47
      64
      46
      42
      62
      54
      48
      44
      47
      44
      38
      41
      43
      50
      29
      34
      44
      37
      51
      35
      51
      52
      41
      25
      28
      35
      51
      43
      36
      37
      36
      33
      37
      53
      50
      36
      42
      34
      44
      44
      53
      41
      39
      48
      53
      42
      44
      37
      35
      48
      45
      42
      48
      41
      38
      40
      37
      44
      36
      59
      51
      43
      46
      38
      56
      43
      47
      51
      46
      48
      50
      46
      51
      55
      51
      38
      52
      41
      37
      49
      51
      47
      46
      45
      55
      42
      55
      49
      51
      45
      57
      47
      54
      52
      43
      51
      50
      51
      38
      50
      57
      49
      65
      41
      59
      45
      46
      51
      52
      58
      47
      59
      49
      50
      56
      54
      56
      53
      61
      63
      71
      55
      60
      51
      58
      52
      67
      65
      61
      57
      59
      47
      45
      56
      56
      61
      52
      47
      46
      48
      52
      66
      49
      48
      58
      67
      55
      48
      56
      73
      60
      58
      46
      61
      62
      52
      46
      58
      57
      55
      45
      51
      50
      43
      52
      63
      50
      60
      51
      37
      56
      52
      42
      46
      53
      55
      55
      51
      52
      37
      52
      52
      40
      38
      42
      47
      43
      42
      52
      40
      47
      44
      48
      46
      41
      48
      44
      34
      52
      37
      46
      44
      48
      38
      45
      56
      45
      39
      34
      51
      42
      48
      40
      36
      35
      45
      43
      48
      46
      48
      46
      40
      56
      40
      39
      38
      46
      46
      50
      48
      51
      55
      45
      40
      48
      49
      41
      50
      66
      37
      36
      47
      48
      44
      37
      44
      56
      51
      41
      53
      40
      35
      44
      46
      41
      37
      43
      44
      55
      43
      31
      42
      40
      50
      37
      39
      53
      38
      39
      46
      39
      44
      47
      28
      35
      39
      37
      37
      43
      42
      40
      32
      33
      45
      44
      34
      46
      32
      34
      33
      43
      43
      39
      38
      50
      43
      45
      44
      43
      41
      42
      51
      40
      48
      42
      51
      43
      50
      40
      42
      54
      46
      50
      30
      26
      40
      43
      42
      38
      39
      40
      46
      53
      46
      49
      39
      36
      39
      38
      51
      42
      50
      55
      40
      38
      50
      47
      53
      39
      62
      45
      40
      50
      61
      51
      58
      38
      33
      42
      44
      56
      47
      44
      36
      53
      39
      39
      38
      41
      37
      34
      27
      34
      45
      30
      31
      31
      34
      34
      35
      32
      27
      24
      35
      37
      29
      33
      34
      22
      23
      28
      30
      27
      27
      24
      16
      24
      24
      17
      26
      19
      23
      21
      16
      25
      23
      12
      19
      13
      14
       1
       0
       0
       0
       0
       0
       0
       0
       0
       0
       0
       0
       0
       0
       0
       0
       0
       0
       0
       0
       0
       0
       0
       0
       0
       0
       0
       0
       0
       0
       0
       0
       0
       0
       0
       0
       0
       0
       0
       0
       0
       0
       0
       0
       0
       0
       0
$ROI:
1
147 177
$PRESETS:
None
0
0
$ENER_FIT:
0.000000 3.991138
$MCA_CAL:
3
0.000000E+000 3.991138E+000 0.000000E+000 keV
$SHAPE_CAL:
3
1.151547E+001 0.000000E+000 0.000000E+000
