$SPEC_ID:
No sample description was entered.
$SPEC_REM:
DET# 1
DETDESC# PRAK01 Easy-MCA-2k SN 15071856
AP# Maestro Version 7.01
$DATE_MEA:
01/01/2002 03:43:26
$MEAS_TIM:
700 701
$DATA:
0 511
       0
       0
       0
       0
       0
       0
       0
       0
       0
       0
       0
       0
       0
       0
       0
       0
       0
       0
       0
       0
       0
       0
       0
       0
       0
       0
       0
       0
       0
       0
       0
       0
       0
       0
       0
       0
      13
      35
      53
     344
     457
     411
     399
     351
     293
     289
     294
     286
     326
     386
     498
     715
    1064
    1486
    1811
    2100
    2004
    1610
    1184
     775
     428
     267
     149
      93
      83
     100
      94
      91
      87
      87
      85
      77
      87
      65
      85
      80
      80
      72
      64
      58
      73
      74
      76
      91
      63
      73
      76
      55
      63
      66
      65
      72
      65
      63
      49
      58
      67
      69
      73
      73
      65
      77
      89
      84
      74
      69
      90
      96
      79
      80
      59
      66
      62
      72
      55
      64
      61
      68
      67
      59
      55
      81
      58
      63
      84
      76
      83
      76
      65
      74
      85
      84
      87
      81
      69
      75
      78
      66
      87
      75
      72
      72
      69
      94
      70
      59
      71
      77
      61
      80
      68
      77
      94
      61
      84
      62
      83
      81
      79
      71
      77
      67
      78
      72
      63
      83
      89
      69
      72
      80
      79
      85
      86
      73
      64
      93
      79
      79
      97
      86
      97
      85
      80
      78
      72
      84
      70
      91
      72
      78
      82
      86
      81
      80
      94
      59
      80
      77
      70
      63
      81
      71
      93
      76
      73
      63
      70
      64
      74
      65
      80
      88
      72
      75
      67
      78
      67
      75
      73
      66
      69
      72
      64
      62
      64
      64
      73
      65
      76
      67
      69
      69
      68
      78
      59
      66
      61
      65
      68
      63
      60
      50
      62
      64
      61
      66
      67
      48
      63
      48
      65
      70
      69
      56
      71
      57
      42
      48
      61
      69
      40
      51
      50
      53
      54
      49
      38
      80
      52
      50
      51
      52
      68
      44
      47
      52
      47
      54
      47
      64
      58
      58
      59
      48
      53
      49
      56
      59
      58
      61
      59
      48
      56
      51
      44
      46
      59
      50
      59
      41
      62
      50
      41
      48
      42
      64
      63
      48
      50
      56
      48
      43
      42
      47
      53
      57
      54
      38
      42
      43
      41
      59
      48
      47
      30
      41
      43
      49
      38
      42
      35
      44
      57
      44
      44
      46
      52
      40
      37
      45
      48
      44
      46
      50
      45
      37
      46
      53
      51
      42
      48
      48
      40
      53
      34
      45
      32
      40
      51
      47
      38
      36
      43
      42
      49
      45
      45
      35
      44
      41
      46
      38
      56
      45
      41
      39
      44
      47
      36
      53
      46
      44
      42
      58
      29
      32
      41
      43
      52
      49
      61
      38
      44
      51
      32
      45
      46
      33
      33
      42
      39
      41
      43
      31
      39
      36
      32
      41
      37
      42
      38
      41
      40
      39
      37
      31
      39
      41
      34
      36
      38
      46
      36
      42
      42
      33
      35
      36
      35
      39
      33
      31
      31
      40
      29
      29
      20
      19
      31
      22
      35
      22
      19
      25
      21
      25
      29
      34
      30
      28
      34
      29
      22
      31
      21
      21
      23
      20
      21
      17
      20
      18
      22
      25
      17
       1
       0
       0
       0
       0
       0
       0
       0
       0
       0
       0
       0
       0
       0
       0
       0
       0
       0
       0
       0
       0
       0
       0
       0
       0
       0
       0
       0
       0
       0
       0
       0
       0
       0
       0
       0
       0
       0
       0
       0
       0
       0
       0
       0
       0
       0
       0
$ROI:
1
147 177
$PRESETS:
None
0
0
$ENER_FIT:
0.000000 3.991138
$MCA_CAL:
3
0.000000E+000 3.991138E+000 0.000000E+000 keV
$SHAPE_CAL:
3
1.151547E+001 0.000000E+000 0.000000E+000
