$SPEC_ID:
No sample description was entered.
$SPEC_REM:
DET# 1
DETDESC# PRAK01 Easy-MCA-2k SN 15071856
AP# Maestro Version 7.01
$DATE_MEA:
01/01/2002 03:03:47
$MEAS_TIM:
592 592
$DATA:
0 511
       0
       0
       0
       0
       0
       0
       0
       0
       0
       0
       0
       0
       0
       0
       0
       0
       0
       0
       0
       0
       0
       0
       0
       0
       0
       0
       0
       0
       0
       0
       0
       0
       0
       0
       0
       0
      16
      33
      54
     350
     474
     442
     429
     365
     323
     288
     280
     285
     285
     294
     404
     569
     907
    1413
    1782
    2128
    2206
    1928
    1508
    1040
     645
     369
     183
     125
     115
      84
      86
      91
      74
      80
      89
      61
      70
      72
      76
      74
      63
      68
      79
      70
      62
      63
      68
      60
      60
      53
      49
      59
      64
      65
      58
      65
      57
      52
      64
      61
      61
      63
      71
      50
      84
      58
      69
      80
      76
      82
      93
      72
      77
      77
      66
      53
      56
      72
      61
      57
      68
      67
      63
      53
      76
      55
      68
      62
      79
      72
      62
      78
      64
      71
      76
      74
      47
      65
      62
      63
      87
      77
      70
      74
      53
      68
      67
      86
      69
      78
      85
      71
      91
      51
      60
      65
      69
      67
      78
      67
      75
      72
      76
      72
      76
      83
      71
      67
      78
      68
      69
      76
      72
      60
      73
      61
      76
      75
      75
      76
      83
      77
      74
      82
      88
      71
      65
      80
      74
      78
      72
      70
      81
      66
      75
      75
      66
      68
      84
      65
      83
      84
      65
      63
      58
      70
      76
      84
      70
      76
      74
      62
      78
      66
      77
      71
      58
      71
      65
      67
      58
      68
      63
      83
      71
      54
      65
      71
      64
      56
      59
      74
      69
      72
      54
      53
      66
      59
      60
      68
      61
      44
      65
      62
      49
      48
      56
      73
      75
      38
      41
      51
      51
      60
      63
      67
      63
      42
      52
      69
      51
      49
      53
      56
      57
      48
      48
      58
      53
      56
      50
      47
      43
      56
      62
      45
      54
      43
      50
      53
      46
      46
      55
      41
      46
      48
      65
      58
      33
      55
      59
      59
      41
      42
      42
      57
      36
      42
      51
      54
      38
      48
      50
      52
      60
      42
      42
      52
      43
      45
      51
      39
      43
      54
      45
      44
      44
      44
      51
      46
      49
      58
      49
      40
      39
      53
      38
      44
      40
      52
      37
      42
      42
      43
      50
      44
      39
      47
      45
      46
      38
      40
      51
      45
      49
      43
      53
      32
      46
      37
      55
      42
      35
      39
      48
      43
      38
      49
      31
      30
      45
      38
      45
      40
      42
      43
      37
      37
      37
      43
      46
      43
      36
      25
      36
      53
      46
      48
      38
      49
      43
      38
      34
      38
      34
      50
      45
      40
      45
      33
      55
      39
      50
      38
      59
      36
      41
      38
      43
      36
      44
      34
      53
      39
      42
      43
      51
      36
      44
      43
      45
      44
      35
      37
      44
      41
      52
      40
      35
      48
      40
      40
      41
      39
      38
      40
      41
      29
      24
      38
      33
      44
      35
      37
      36
      38
      37
      49
      40
      31
      29
      40
      25
      31
      19
      33
      29
      29
      36
      21
      30
      22
      23
      20
      21
      29
      30
      24
      25
      27
      22
      18
      12
      24
      22
      25
      26
      17
      15
       0
       0
       0
       0
       0
       0
       0
       0
       0
       0
       0
       0
       0
       0
       0
       0
       0
       0
       0
       0
       0
       0
       0
       0
       0
       0
       0
       0
       0
       0
       0
       0
       0
       0
       0
       0
       0
       0
       0
       0
       0
       0
       0
       0
       0
       0
       0
$ROI:
1
147 177
$PRESETS:
None
0
0
$ENER_FIT:
0.000000 3.991138
$MCA_CAL:
3
0.000000E+000 3.991138E+000 0.000000E+000 keV
$SHAPE_CAL:
3
1.151547E+001 0.000000E+000 0.000000E+000
