$SPEC_ID:
No sample description was entered.
$SPEC_REM:
DET# 1
DETDESC# PRAK01 Easy-MCA-2k SN 15071856
AP# Maestro Version 7.01
$DATE_MEA:
01/01/2002 02:37:01
$MEAS_TIM:
258 258
$DATA:
0 511
       0
       0
       0
       0
       0
       0
       0
       0
       0
       0
       0
       0
       0
       0
       0
       0
       0
       0
       0
       0
       0
       0
       0
       0
       0
       0
       0
       0
       0
       0
       0
       0
       0
       0
       0
       0
       7
      30
      26
     310
     413
     376
     335
     312
     283
     239
     233
     231
     258
     310
     432
     616
     955
    1467
    1779
    1914
    2046
    1723
    1302
     923
     466
     273
     144
      99
      68
      44
      51
      45
      56
      34
      45
      49
      45
      50
      47
      49
      42
      42
      48
      38
      33
      36
      49
      47
      39
      45
      43
      50
      48
      41
      44
      37
      37
      39
      38
      42
      42
      47
      46
      42
      44
      35
      54
      33
      38
      48
      52
      65
      44
      38
      53
      42
      36
      42
      55
      48
      48
      49
      48
      54
      38
      60
      61
      56
      55
      49
      35
      44
      45
      42
      47
      56
      56
      46
      41
      55
      36
      52
      47
      53
      46
      40
      43
      71
      50
      53
      58
      59
      50
      50
      61
      43
      31
      62
      49
      62
      56
      43
      49
      37
      53
      51
      53
      56
      55
      52
      46
      49
      66
      50
      42
      61
      57
      43
      51
      55
      53
      58
      56
      48
      51
      42
      48
      53
      60
      40
      48
      56
      45
      45
      50
      50
      57
      59
      52
      54
      47
      45
      46
      48
      55
      47
      58
      57
      57
      45
      48
      46
      43
      43
      47
      40
      49
      51
      54
      51
      59
      53
      39
      47
      47
      43
      46
      55
      46
      45
      33
      41
      51
      56
      42
      40
      49
      42
      54
      38
      46
      42
      51
      56
      47
      48
      47
      49
      36
      54
      41
      33
      37
      47
      44
      38
      50
      38
      52
      35
      35
      36
      52
      41
      43
      43
      53
      39
      45
      42
      44
      37
      41
      33
      45
      34
      38
      39
      39
      43
      36
      53
      40
      32
      42
      35
      40
      39
      45
      40
      42
      44
      41
      37
      39
      35
      46
      35
      52
      43
      42
      43
      41
      30
      45
      33
      43
      31
      33
      47
      40
      29
      33
      36
      40
      41
      48
      42
      35
      45
      40
      29
      36
      36
      27
      45
      43
      36
      32
      36
      37
      40
      36
      38
      31
      27
      36
      34
      35
      33
      39
      34
      44
      27
      45
      39
      31
      41
      38
      35
      26
      33
      40
      37
      39
      28
      38
      42
      39
      32
      42
      35
      41
      28
      33
      22
      36
      32
      39
      37
      32
      41
      32
      29
      37
      33
      42
      41
      33
      39
      38
      42
      44
      41
      34
      34
      37
      26
      40
      33
      41
      37
      33
      35
      37
      41
      39
      34
      37
      40
      49
      40
      38
      38
      39
      36
      33
      37
      42
      40
      42
      44
      30
      33
      41
      43
      36
      31
      31
      40
      28
      38
      44
      34
      36
      35
      36
      33
      32
      37
      37
      30
      30
      27
      29
      30
      20
      27
      25
      38
      23
      26
      25
      25
      22
      26
      14
      22
      20
      29
      27
      22
      28
      18
      27
      15
      20
      19
      15
      13
      19
      18
      17
      23
      16
      18
      14
      21
      10
       2
       0
       0
       0
       0
       0
       0
       0
       0
       0
       0
       0
       0
       0
       0
       0
       0
       0
       0
       0
       0
       0
       0
       0
       0
       0
       0
       0
       0
       0
       0
       0
       0
       0
       0
       0
       0
       0
       0
       0
       0
       0
       0
       0
       0
       0
       0
$ROI:
1
147 177
$PRESETS:
None
0
0
$ENER_FIT:
0.000000 3.991138
$MCA_CAL:
3
0.000000E+000 3.991138E+000 0.000000E+000 keV
$SHAPE_CAL:
3
1.151547E+001 0.000000E+000 0.000000E+000
