$SPEC_ID:
No sample description was entered.
$SPEC_REM:
DET# 1
DETDESC# PRAK01 Easy-MCA-2k SN 15071856
AP# Maestro Version 7.01
$DATE_MEA:
01/01/2002 03:40:24
$MEAS_TIM:
127 127
$DATA:
0 511
       0
       0
       0
       0
       0
       0
       0
       0
       0
       0
       0
       0
       0
       0
       0
       0
       0
       0
       0
       0
       0
       0
       0
       0
       0
       0
       0
       0
       0
       0
       0
       0
       0
       0
       0
       0
       9
      29
      32
     312
     409
     364
     331
     276
     239
     239
     207
     202
     226
     295
     405
     678
    1051
    1468
    1982
    2153
    2064
    1782
    1286
     836
     450
     249
     136
      67
      51
      41
      46
      44
      31
      47
      43
      33
      43
      47
      41
      48
      51
      44
      21
      36
      32
      33
      46
      27
      38
      39
      36
      31
      30
      44
      45
      43
      29
      33
      30
      36
      30
      35
      37
      37
      36
      29
      39
      44
      42
      53
      33
      32
      48
      42
      40
      33
      48
      41
      51
      39
      37
      42
      49
      27
      42
      33
      42
      35
      43
      42
      37
      43
      48
      31
      53
      35
      37
      38
      44
      34
      43
      50
      43
      37
      40
      46
      34
      42
      40
      45
      55
      38
      35
      35
      33
      38
      42
      40
      43
      43
      38
      60
      35
      44
      45
      58
      41
      51
      52
      37
      43
      32
      50
      36
      31
      47
      39
      47
      43
      54
      47
      63
      43
      46
      44
      52
      52
      44
      57
      52
      45
      54
      48
      37
      62
      50
      61
      56
      49
      38
      51
      51
      43
      49
      54
      43
      42
      43
      53
      43
      49
      44
      40
      41
      53
      54
      38
      37
      41
      53
      51
      44
      47
      47
      52
      57
      42
      43
      40
      47
      52
      43
      39
      50
      45
      57
      36
      41
      53
      43
      41
      38
      38
      47
      51
      49
      44
      52
      42
      39
      36
      34
      40
      45
      41
      37
      50
      39
      30
      46
      40
      48
      54
      40
      43
      41
      41
      46
      49
      33
      36
      35
      49
      32
      50
      38
      41
      41
      44
      41
      52
      43
      28
      37
      44
      36
      47
      50
      37
      43
      30
      46
      37
      46
      43
      34
      36
      37
      34
      36
      39
      35
      21
      36
      37
      36
      41
      36
      42
      31
      38
      43
      31
      33
      44
      44
      48
      41
      27
      48
      32
      42
      42
      33
      30
      31
      35
      43
      44
      26
      36
      34
      42
      39
      37
      40
      37
      43
      31
      36
      41
      35
      22
      32
      39
      44
      36
      35
      39
      34
      42
      47
      46
      32
      41
      32
      39
      29
      39
      34
      43
      36
      36
      34
      40
      37
      40
      36
      40
      34
      34
      32
      40
      44
      35
      44
      40
      41
      29
      43
      28
      54
      28
      40
      52
      36
      35
      42
      33
      34
      40
      34
      39
      34
      45
      33
      39
      41
      33
      47
      35
      35
      44
      37
      35
      36
      39
      37
      46
      30
      36
      41
      30
      35
      40
      35
      41
      34
      29
      41
      30
      47
      33
      39
      40
      30
      38
      52
      36
      22
      26
      29
      31
      33
      35
      26
      18
      33
      26
      30
      28
      25
      24
      17
      23
      17
      25
      29
      18
      27
      12
      17
      23
      19
      20
      26
      22
      17
      19
      14
      16
      14
      22
      16
      19
      20
      19
      22
      18
       2
       0
       0
       0
       0
       0
       0
       0
       0
       0
       0
       0
       0
       0
       0
       0
       0
       0
       0
       0
       0
       0
       0
       0
       0
       0
       0
       0
       0
       0
       0
       0
       0
       0
       0
       0
       0
       0
       0
       0
       0
       0
       0
       0
       0
       0
       0
$ROI:
1
147 177
$PRESETS:
None
0
0
$ENER_FIT:
0.000000 3.991138
$MCA_CAL:
3
0.000000E+000 3.991138E+000 0.000000E+000 keV
$SHAPE_CAL:
3
1.151547E+001 0.000000E+000 0.000000E+000
