$SPEC_ID:
No sample description was entered.
$SPEC_REM:
DET# 1
DETDESC# PRAK01 Easy-MCA-2k SN 15071856
AP# Maestro Version 7.01
$DATE_MEA:
01/01/2002 03:15:28
$MEAS_TIM:
139 139
$DATA:
0 511
       0
       0
       0
       0
       0
       0
       0
       0
       0
       0
       0
       0
       0
       0
       0
       0
       0
       0
       0
       0
       0
       0
       0
       0
       0
       0
       0
       0
       0
       0
       0
       0
       0
       0
       0
       0
       5
      19
      30
     280
     411
     343
     332
     331
     241
     234
     212
     204
     226
     255
     350
     542
     856
    1211
    1708
    2075
    2164
    1905
    1428
     997
     565
     325
     171
     101
      48
      53
      37
      39
      31
      42
      39
      43
      34
      40
      31
      34
      48
      41
      30
      35
      35
      37
      51
      40
      27
      51
      42
      37
      50
      31
      24
      42
      36
      38
      36
      39
      35
      45
      36
      27
      35
      37
      47
      45
      37
      42
      45
      53
      30
      32
      40
      38
      32
      51
      32
      40
      36
      44
      45
      39
      36
      46
      38
      35
      48
      30
      45
      26
      30
      47
      34
      41
      27
      42
      35
      40
      39
      45
      41
      32
      47
      42
      43
      48
      37
      43
      49
      34
      40
      40
      34
      44
      42
      41
      33
      50
      47
      33
      30
      43
      47
      45
      39
      43
      42
      46
      46
      47
      54
      41
      41
      46
      48
      58
      49
      42
      38
      46
      49
      52
      51
      52
      52
      41
      45
      44
      50
      58
      45
      48
      53
      44
      49
      43
      48
      47
      53
      44
      45
      49
      35
      52
      52
      48
      52
      38
      48
      45
      35
      45
      49
      41
      39
      34
      50
      49
      40
      35
      49
      43
      39
      38
      55
      41
      41
      42
      34
      39
      39
      40
      43
      51
      49
      38
      34
      50
      35
      40
      31
      38
      37
      43
      36
      44
      47
      38
      38
      39
      38
      31
      43
      36
      48
      45
      43
      42
      37
      42
      41
      35
      40
      35
      37
      31
      33
      37
      35
      28
      37
      37
      29
      34
      40
      32
      31
      34
      42
      46
      42
      28
      32
      32
      40
      48
      31
      37
      40
      31
      40
      32
      36
      43
      22
      45
      41
      35
      27
      33
      48
      36
      35
      36
      30
      32
      35
      33
      39
      31
      37
      40
      40
      31
      39
      33
      45
      38
      40
      40
      36
      41
      42
      42
      36
      32
      32
      33
      46
      43
      39
      32
      29
      45
      37
      36
      46
      33
      33
      27
      50
      32
      37
      36
      38
      38
      40
      29
      40
      35
      41
      39
      36
      37
      44
      31
      38
      44
      34
      39
      28
      34
      39
      23
      32
      34
      34
      36
      45
      30
      45
      35
      37
      40
      37
      34
      33
      39
      32
      37
      28
      34
      34
      29
      38
      39
      41
      42
      40
      24
      29
      34
      40
      50
      29
      33
      29
      30
      23
      37
      45
      33
      35
      26
      34
      39
      36
      41
      43
      37
      33
      33
      34
      35
      35
      43
      37
      35
      40
      31
      40
      32
      37
      37
      34
      29
      24
      33
      26
      30
      20
      35
      18
      27
      21
      25
      29
      33
      22
      17
      28
      24
      25
      33
      31
      28
      21
      24
      17
      22
      28
      17
      30
      25
      23
      20
      18
      17
      27
      16
      22
      17
      17
      17
      22
      12
       8
       1
       0
       0
       0
       0
       0
       0
       0
       0
       0
       0
       0
       0
       0
       0
       0
       0
       0
       0
       0
       0
       0
       0
       0
       0
       0
       0
       0
       0
       0
       0
       0
       0
       0
       0
       0
       0
       0
       0
       0
       0
       0
       0
       0
       0
       0
       0
$ROI:
1
147 177
$PRESETS:
None
0
0
$ENER_FIT:
0.000000 3.991138
$MCA_CAL:
3
0.000000E+000 3.991138E+000 0.000000E+000 keV
$SHAPE_CAL:
3
1.151547E+001 0.000000E+000 0.000000E+000
