$SPEC_ID:
No sample description was entered.
$SPEC_REM:
DET# 1
DETDESC# PRAK01 Easy-MCA-2k SN 15071856
AP# Maestro Version 7.01
$DATE_MEA:
01/01/2002 03:00:24
$MEAS_TIM:
121 121
$DATA:
0 511
       0
       0
       0
       0
       0
       0
       0
       0
       0
       0
       0
       0
       0
       0
       0
       0
       0
       0
       0
       0
       0
       0
       0
       0
       0
       0
       0
       0
       0
       0
       1
       0
       0
       0
       0
       0
       7
      31
      58
     300
     374
     356
     349
     289
     260
     240
     222
     209
     202
     288
     340
     529
     819
    1240
    1634
    2025
    2164
    1938
    1458
    1023
     632
     357
     181
      98
      53
      46
      38
      42
      37
      37
      50
      34
      46
      44
      33
      42
      28
      28
      33
      39
      49
      34
      39
      38
      27
      28
      37
      42
      41
      29
      35
      41
      35
      29
      28
      37
      48
      41
      31
      49
      42
      36
      32
      25
      35
      49
      40
      48
      31
      42
      32
      25
      49
      38
      35
      39
      48
      38
      37
      49
      38
      32
      29
      34
      40
      26
      39
      36
      36
      36
      34
      37
      35
      36
      30
      35
      55
      40
      42
      43
      47
      33
      30
      40
      42
      46
      55
      34
      35
      53
      43
      41
      39
      36
      40
      45
      38
      48
      45
      39
      42
      35
      40
      47
      43
      50
      34
      54
      39
      52
      34
      41
      37
      50
      42
      51
      52
      60
      51
      38
      41
      48
      51
      33
      49
      59
      50
      55
      50
      60
      47
      51
      40
      37
      46
      47
      43
      47
      34
      43
      50
      49
      39
      64
      47
      43
      45
      40
      42
      47
      37
      46
      41
      40
      52
      49
      43
      45
      40
      55
      55
      33
      32
      48
      40
      42
      43
      40
      39
      46
      52
      41
      46
      56
      28
      45
      48
      43
      42
      41
      52
      46
      45
      42
      44
      48
      50
      40
      31
      50
      39
      45
      46
      43
      43
      39
      39
      30
      29
      46
      50
      40
      42
      42
      47
      37
      38
      35
      35
      31
      40
      29
      40
      40
      39
      48
      34
      41
      40
      38
      43
      36
      52
      46
      50
      39
      32
      49
      36
      35
      27
      32
      43
      43
      31
      33
      42
      54
      42
      32
      44
      34
      38
      44
      33
      41
      40
      35
      36
      37
      32
      43
      35
      38
      35
      45
      34
      38
      41
      44
      38
      31
      41
      37
      39
      31
      31
      27
      34
      44
      31
      40
      29
      35
      32
      29
      37
      39
      39
      44
      41
      29
      36
      36
      30
      34
      37
      32
      28
      26
      31
      38
      35
      31
      44
      29
      38
      31
      37
      36
      34
      45
      39
      34
      40
      37
      36
      40
      33
      25
      44
      29
      31
      39
      25
      26
      45
      40
      36
      41
      32
      37
      48
      28
      32
      37
      36
      37
      44
      34
      28
      40
      45
      33
      34
      31
      35
      47
      39
      29
      22
      46
      41
      41
      32
      30
      39
      28
      28
      34
      30
      41
      35
      31
      33
      39
      39
      38
      26
      31
      31
      27
      46
      33
      40
      22
      31
      41
      33
      32
      24
      29
      29
      40
      33
      21
      23
      19
      27
      32
      19
      23
      27
      21
      32
      15
      19
      31
      20
      19
      26
      18
      20
      20
      19
      18
      14
      21
      18
      20
      24
      18
      14
      16
       9
       0
       0
       0
       0
       0
       0
       0
       0
       0
       0
       0
       0
       0
       0
       0
       0
       0
       0
       0
       0
       0
       0
       0
       0
       0
       0
       0
       0
       0
       0
       0
       0
       0
       0
       0
       0
       0
       0
       0
       0
       0
       0
       0
       0
       0
       0
       0
$ROI:
1
147 177
$PRESETS:
None
0
0
$ENER_FIT:
0.000000 3.991138
$MCA_CAL:
3
0.000000E+000 3.991138E+000 0.000000E+000 keV
$SHAPE_CAL:
3
1.151547E+001 0.000000E+000 0.000000E+000
