$SPEC_ID:
No sample description was entered.
$SPEC_REM:
DET# 1
DETDESC# PRAK01 Easy-MCA-2k SN 15071856
AP# Maestro Version 7.01
$DATE_MEA:
01/01/2002 02:48:53
$MEAS_TIM:
149 150
$DATA:
0 511
       0
       0
       0
       0
       0
       0
       0
       0
       0
       0
       0
       0
       0
       0
       0
       0
       0
       0
       0
       0
       0
       0
       0
       0
       0
       0
       0
       0
       0
       0
       0
       0
       0
       0
       0
       0
       6
      34
      42
     333
     493
     416
     360
     359
     281
     271
     257
     207
     235
     281
     347
     547
     895
    1328
    1878
    2248
    2390
    2177
    1845
    1227
     705
     409
     189
     110
      76
      48
      67
      50
      47
      35
      43
      36
      40
      46
      52
      45
      27
      45
      40
      47
      50
      36
      29
      23
      42
      42
      40
      56
      52
      36
      50
      40
      44
      36
      32
      44
      35
      40
      35
      33
      30
      29
      33
      34
      46
      44
      36
      40
      54
      33
      37
      42
      32
      39
      37
      36
      42
      43
      38
      40
      51
      46
      51
      41
      52
      36
      34
      51
      34
      40
      56
      39
      46
      40
      43
      45
      46
      41
      42
      41
      39
      41
      45
      58
      44
      38
      42
      44
      52
      48
      52
      43
      54
      44
      37
      49
      50
      48
      45
      49
      58
      45
      48
      42
      31
      53
      38
      47
      56
      52
      49
      58
      49
      37
      48
      52
      59
      50
      49
      55
      48
      52
      53
      66
      58
      68
      68
      62
      58
      52
      52
      49
      51
      50
      65
      57
      48
      53
      55
      55
      49
      47
      49
      47
      62
      45
      60
      51
      43
      57
      65
      37
      60
      54
      43
      49
      52
      57
      52
      57
      63
      67
      46
      54
      50
      49
      43
      54
      50
      48
      31
      46
      49
      42
      43
      47
      46
      66
      47
      37
      44
      51
      52
      58
      45
      47
      50
      59
      52
      44
      50
      46
      51
      36
      40
      42
      39
      54
      37
      31
      56
      37
      23
      31
      39
      42
      40
      47
      39
      38
      59
      50
      44
      42
      32
      48
      51
      38
      46
      43
      44
      34
      48
      36
      34
      44
      46
      48
      39
      30
      38
      43
      41
      43
      33
      44
      49
      44
      33
      43
      47
      40
      53
      40
      33
      42
      39
      38
      41
      53
      37
      42
      42
      54
      38
      33
      39
      29
      43
      56
      54
      44
      47
      43
      45
      35
      39
      42
      47
      36
      43
      41
      35
      45
      48
      31
      45
      38
      43
      47
      39
      57
      45
      54
      43
      36
      37
      53
      35
      33
      50
      41
      38
      37
      47
      43
      44
      35
      36
      38
      50
      42
      44
      37
      53
      50
      39
      37
      33
      36
      51
      40
      43
      44
      39
      38
      39
      34
      37
      38
      46
      52
      34
      40
      35
      38
      44
      43
      39
      49
      37
      41
      39
      33
      45
      42
      45
      41
      35
      33
      36
      43
      44
      48
      34
      48
      35
      43
      44
      40
      38
      56
      38
      42
      37
      50
      35
      35
      43
      43
      47
      34
      45
      30
      32
      41
      39
      46
      32
      37
      39
      36
      36
      28
      39
      28
      30
      32
      36
      26
      31
      30
      34
      36
      35
      27
      27
      19
      30
      33
      22
      19
      18
      18
      21
      16
      21
      23
      28
      24
      27
      22
      22
      15
      16
       2
       0
       0
       0
       0
       0
       0
       0
       0
       0
       0
       0
       0
       0
       0
       0
       0
       0
       0
       0
       0
       0
       0
       0
       0
       0
       0
       0
       0
       0
       0
       0
       0
       0
       0
       0
       0
       0
       0
       0
       0
       0
       0
       0
       0
       0
       0
$ROI:
1
147 177
$PRESETS:
None
0
0
$ENER_FIT:
0.000000 3.991138
$MCA_CAL:
3
0.000000E+000 3.991138E+000 0.000000E+000 keV
$SHAPE_CAL:
3
1.151547E+001 0.000000E+000 0.000000E+000
