$SPEC_ID:
No sample description was entered.
$SPEC_REM:
DET# 1
DETDESC# PRAK01 Easy-MCA-2k SN 15071856
AP# Maestro Version 7.01
$DATE_MEA:
01/01/2002 03:23:11
$MEAS_TIM:
516 516
$DATA:
0 511
       0
       0
       0
       0
       0
       0
       0
       0
       0
       0
       0
       0
       0
       0
       0
       0
       0
       0
       0
       0
       0
       0
       0
       0
       0
       0
       0
       0
       0
       0
       0
       0
       0
       0
       0
       0
      16
      31
      50
     336
     456
     449
     388
     341
     245
     255
     265
     238
     286
     321
     449
     673
    1069
    1525
    1951
    2274
    2117
    1812
    1404
     898
     484
     292
     152
     112
     101
      76
      76
      60
      75
      73
      68
      64
      64
      53
      64
      68
      77
      52
      64
      76
      45
      59
      63
      56
      62
      65
      58
      59
      53
      61
      56
      72
      54
      47
      57
      40
      62
      55
      60
      66
      66
      60
      72
      69
      78
      69
      72
      78
      68
      51
      58
      59
      55
      47
      59
      54
      55
      59
      60
      70
      71
      56
      55
      54
      73
      52
      65
      57
      83
      84
      55
      91
      55
      68
      68
      71
      72
      69
      66
      62
      48
      61
      68
      72
      71
      66
      83
      66
      61
      74
      56
      76
      67
      75
      62
      63
      74
      78
      79
      70
      67
      70
      60
      63
      66
      71
      65
      65
      76
      84
      61
      73
      73
      62
      64
      72
      52
      82
      72
      72
      52
      68
      76
      81
      67
      74
      74
      73
      61
      71
      68
      69
      49
      63
      58
      54
      63
      60
      75
      71
      60
      67
      63
      68
      68
      55
      64
      54
      51
      56
      61
      59
      61
      61
      54
      72
      45
      54
      58
      46
      51
      59
      56
      62
      57
      70
      51
      65
      45
      64
      69
      55
      61
      57
      57
      55
      54
      60
      36
      39
      59
      44
      52
      57
      57
      50
      45
      57
      48
      49
      49
      40
      54
      53
      57
      46
      56
      47
      55
      49
      47
      49
      55
      40
      43
      39
      64
      51
      58
      57
      45
      51
      46
      45
      55
      51
      47
      58
      34
      50
      48
      42
      40
      45
      39
      51
      47
      43
      44
      56
      47
      51
      46
      45
      45
      42
      41
      36
      47
      48
      36
      43
      48
      47
      43
      46
      50
      40
      53
      49
      54
      53
      44
      49
      60
      44
      39
      42
      54
      50
      51
      38
      38
      40
      47
      43
      36
      33
      44
      50
      47
      40
      47
      52
      47
      35
      44
      37
      42
      42
      46
      55
      45
      37
      29
      42
      38
      40
      45
      54
      48
      38
      41
      34
      51
      36
      47
      37
      55
      35
      41
      33
      37
      32
      34
      29
      31
      40
      37
      47
      54
      35
      39
      31
      46
      50
      41
      46
      50
      35
      42
      50
      33
      42
      36
      40
      36
      39
      48
      42
      37
      39
      48
      35
      44
      33
      37
      37
      50
      47
      41
      38
      45
      49
      32
      37
      34
      46
      33
      35
      49
      39
      48
      43
      32
      40
      38
      35
      28
      49
      39
      38
      46
      38
      42
      35
      33
      31
      28
      32
      34
      34
      39
      25
      30
      37
      22
      32
      37
      32
      38
      21
      19
      35
      21
      15
      26
      26
      17
      25
      24
      24
      33
      24
      24
      30
      21
      19
      19
      21
      16
      22
      16
      23
      16
       6
       0
       0
       0
       0
       0
       0
       0
       0
       0
       0
       0
       0
       0
       0
       0
       0
       0
       0
       0
       0
       0
       0
       0
       0
       0
       0
       0
       0
       0
       0
       0
       0
       0
       0
       0
       0
       0
       0
       0
       0
       0
       0
       0
       0
       0
       0
$ROI:
1
147 177
$PRESETS:
None
0
0
$ENER_FIT:
0.000000 3.991138
$MCA_CAL:
3
0.000000E+000 3.991138E+000 0.000000E+000 keV
$SHAPE_CAL:
3
1.151547E+001 0.000000E+000 0.000000E+000
