$SPEC_ID:
No sample description was entered.
$SPEC_REM:
DET# 1
DETDESC# PRAK01 Easy-MCA-2k SN 15071856
AP# Maestro Version 7.01
$DATE_MEA:
01/01/2002 03:55:57
$MEAS_TIM:
124 124
$DATA:
0 511
       0
       0
       0
       0
       0
       0
       0
       0
       0
       0
       0
       0
       0
       0
       0
       0
       0
       1
       0
       0
       0
       0
       0
       0
       0
       0
       0
       0
       0
       0
       0
       0
       0
       0
       0
       0
       9
      30
      36
     292
     481
     362
     363
     292
     259
     258
     214
     264
     271
     320
     466
     713
    1065
    1614
    1950
    2166
    2116
    1711
    1317
     743
     455
     208
     118
      76
      54
      39
      46
      41
      36
      37
      36
      39
      42
      36
      28
      43
      39
      34
      37
      44
      45
      42
      30
      42
      44
      41
      46
      29
      45
      43
      44
      34
      32
      39
      37
      28
      45
      29
      37
      39
      31
      41
      46
      33
      37
      37
      34
      29
      33
      42
      35
      32
      46
      36
      31
      47
      39
      47
      34
      53
      50
      51
      39
      36
      40
      42
      47
      47
      33
      43
      49
      48
      54
      40
      35
      55
      45
      39
      27
      54
      38
      43
      47
      53
      44
      36
      37
      40
      47
      49
      44
      62
      36
      38
      44
      42
      34
      50
      46
      48
      60
      41
      34
      40
      43
      46
      61
      37
      50
      52
      42
      48
      51
      45
      38
      56
      47
      49
      52
      64
      67
      48
      48
      52
      54
      58
      50
      45
      42
      65
      55
      54
      50
      63
      54
      56
      51
      54
      59
      76
      48
      45
      60
      51
      46
      47
      44
      51
      51
      50
      47
      49
      40
      57
      44
      51
      49
      52
      47
      53
      42
      63
      41
      46
      43
      45
      50
      34
      42
      54
      47
      48
      51
      47
      49
      37
      36
      57
      42
      45
      38
      46
      40
      34
      40
      46
      46
      43
      38
      43
      52
      43
      38
      46
      46
      46
      42
      50
      41
      45
      35
      34
      48
      45
      27
      28
      48
      42
      49
      24
      34
      43
      31
      39
      48
      31
      38
      34
      49
      45
      44
      18
      39
      35
      50
      39
      37
      31
      48
      34
      37
      38
      43
      35
      41
      42
      49
      47
      31
      40
      36
      41
      42
      33
      52
      37
      40
      47
      49
      32
      44
      41
      29
      45
      31
      46
      40
      31
      37
      50
      49
      28
      40
      41
      45
      34
      45
      37
      42
      39
      44
      39
      39
      41
      40
      33
      37
      38
      36
      35
      41
      42
      29
      38
      37
      34
      33
      25
      34
      35
      32
      50
      38
      29
      32
      45
      44
      39
      32
      30
      29
      34
      23
      28
      33
      35
      40
      41
      34
      42
      36
      46
      46
      47
      43
      58
      36
      37
      38
      40
      52
      40
      32
      41
      34
      41
      38
      34
      35
      42
      47
      49
      36
      46
      40
      37
      36
      43
      49
      33
      35
      34
      41
      41
      38
      43
      36
      33
      40
      39
      45
      46
      41
      31
      30
      37
      58
      33
      36
      32
      40
      35
      34
      41
      34
      33
      25
      28
      30
      32
      24
      34
      35
      31
      34
      28
      23
      44
      25
      29
      25
      25
      27
      21
      21
      21
      17
      28
      17
      22
      21
      26
      15
      16
      16
      19
      19
      22
      19
      20
       9
      15
      19
       9
      12
       0
       0
       0
       0
       0
       0
       0
       0
       0
       0
       0
       0
       0
       0
       0
       0
       0
       0
       0
       0
       0
       0
       0
       0
       0
       0
       0
       0
       0
       0
       0
       0
       0
       0
       0
       0
       0
       0
       0
       0
       0
       0
       0
       0
       0
       0
       0
$ROI:
1
147 177
$PRESETS:
None
0
0
$ENER_FIT:
0.000000 3.991138
$MCA_CAL:
3
0.000000E+000 3.991138E+000 0.000000E+000 keV
$SHAPE_CAL:
3
1.151547E+001 0.000000E+000 0.000000E+000
