$SPEC_ID:
No sample description was entered.
$SPEC_REM:
DET# 1
DETDESC# PRAK01 Easy-MCA-2k SN 15071856
AP# Maestro Version 7.01
$DATE_MEA:
01/01/2002 02:42:25
$MEAS_TIM:
306 306
$DATA:
0 511
       0
       0
       0
       0
       0
       0
       0
       0
       0
       0
       0
       0
       0
       0
       0
       0
       0
       0
       0
       0
       0
       0
       0
       0
       0
       0
       0
       0
       0
       0
       0
       0
       0
       0
       0
       0
       7
      24
      35
     291
     433
     388
     330
     295
     261
     235
     228
     214
     228
     233
     337
     511
     745
    1238
    1594
    1956
    2091
    1820
    1504
     999
     597
     334
     198
     111
      67
      52
      47
      51
      45
      60
      60
      64
      47
      62
      50
      56
      46
      62
      49
      43
      49
      46
      56
      43
      46
      44
      41
      41
      48
      44
      38
      35
      37
      53
      56
      50
      44
      52
      44
      50
      54
      44
      69
      44
      45
      52
      54
      44
      66
      40
      42
      56
      35
      50
      61
      41
      51
      36
      42
      47
      35
      54
      49
      49
      50
      44
      42
      56
      52
      48
      40
      52
      54
      40
      57
      51
      46
      46
      43
      51
      44
      54
      53
      50
      60
      56
      56
      64
      56
      48
      55
      49
      44
      56
      43
      58
      55
      41
      52
      50
      49
      46
      51
      40
      55
      46
      51
      41
      53
      57
      56
      57
      63
      47
      53
      77
      51
      57
      48
      53
      45
      62
      59
      61
      54
      50
      68
      57
      46
      43
      48
      43
      60
      54
      58
      59
      67
      44
      51
      43
      58
      48
      49
      53
      40
      49
      43
      32
      60
      37
      47
      43
      57
      37
      51
      63
      48
      44
      41
      41
      52
      46
      45
      52
      38
      45
      50
      48
      48
      37
      41
      42
      36
      41
      43
      60
      46
      43
      40
      48
      38
      49
      46
      33
      55
      40
      53
      41
      44
      38
      46
      32
      42
      43
      56
      53
      37
      40
      39
      44
      42
      39
      37
      53
      46
      53
      49
      42
      37
      30
      46
      62
      31
      42
      61
      36
      34
      50
      32
      38
      50
      37
      37
      41
      38
      41
      32
      40
      38
      43
      37
      35
      41
      34
      37
      41
      45
      49
      44
      37
      28
      32
      28
      42
      37
      46
      36
      35
      40
      32
      34
      35
      38
      40
      37
      54
      47
      41
      50
      45
      39
      41
      55
      29
      35
      39
      39
      41
      41
      31
      33
      33
      31
      35
      41
      41
      45
      37
      47
      36
      41
      31
      24
      40
      42
      37
      30
      29
      38
      32
      38
      33
      37
      35
      33
      35
      30
      34
      36
      34
      41
      37
      29
      40
      28
      36
      31
      44
      34
      35
      37
      41
      36
      45
      41
      36
      43
      32
      26
      39
      44
      36
      34
      34
      40
      38
      30
      42
      40
      47
      30
      30
      33
      33
      40
      40
      36
      39
      32
      42
      35
      33
      50
      28
      43
      31
      40
      39
      29
      22
      44
      34
      37
      37
      32
      33
      35
      30
      35
      48
      36
      40
      25
      31
      44
      34
      22
      31
      41
      35
      34
      24
      20
      32
      42
      32
      30
      22
      31
      25
      32
      24
      29
      21
      30
      27
      29
      21
      14
      19
      22
      24
      20
      27
      23
      14
      17
      17
      16
      14
      11
      20
      23
      21
      11
       0
       0
       0
       0
       0
       0
       0
       0
       0
       0
       0
       0
       0
       0
       0
       0
       0
       0
       0
       0
       0
       0
       0
       0
       0
       0
       0
       0
       0
       0
       0
       0
       0
       0
       0
       0
       0
       0
       0
       0
       0
       0
       0
       0
       0
       0
       0
$ROI:
1
147 177
$PRESETS:
None
0
0
$ENER_FIT:
0.000000 3.991138
$MCA_CAL:
3
0.000000E+000 3.991138E+000 0.000000E+000 keV
$SHAPE_CAL:
3
1.151547E+001 0.000000E+000 0.000000E+000
