$SPEC_ID:
No sample description was entered.
$SPEC_REM:
DET# 1
DETDESC# PRAK01 Easy-MCA-2k SN 15071856
AP# Maestro Version 7.01
$DATE_MEA:
01/01/2002 03:35:17
$MEAS_TIM:
158 158
$DATA:
0 511
       0
       0
       0
       0
       0
       0
       0
       0
       0
       0
       0
       0
       0
       0
       0
       0
       0
       0
       0
       0
       0
       0
       0
       0
       0
       0
       0
       0
       0
       0
       0
       0
       0
       0
       0
       0
       7
      32
      38
     308
     419
     361
     309
     279
     238
     223
     235
     218
     229
     275
     416
     600
     949
    1369
    1790
    1952
    2000
    1731
    1333
     790
     480
     278
     117
      78
      58
      52
      38
      47
      31
      40
      43
      40
      43
      38
      38
      45
      29
      39
      36
      40
      42
      36
      35
      44
      35
      46
      49
      39
      45
      39
      41
      45
      41
      26
      39
      39
      29
      35
      32
      31
      46
      50
      37
      46
      40
      46
      36
      54
      42
      46
      48
      47
      39
      37
      43
      36
      45
      36
      46
      41
      39
      39
      36
      39
      39
      47
      44
      42
      46
      30
      43
      36
      54
      44
      50
      44
      50
      41
      53
      55
      54
      55
      47
      50
      45
      52
      43
      45
      40
      44
      50
      51
      33
      43
      55
      44
      48
      55
      59
      48
      42
      49
      49
      51
      46
      48
      44
      51
      37
      47
      40
      50
      44
      42
      50
      47
      46
      54
      54
      51
      42
      52
      45
      43
      52
      45
      43
      47
      37
      47
      46
      57
      35
      43
      58
      32
      38
      34
      34
      48
      41
      47
      50
      28
      33
      50
      46
      51
      60
      50
      49
      44
      48
      47
      46
      36
      40
      47
      44
      39
      45
      37
      41
      46
      38
      43
      51
      43
      42
      51
      58
      48
      44
      39
      45
      39
      50
      31
      41
      46
      24
      43
      31
      43
      43
      34
      50
      41
      33
      46
      38
      29
      39
      56
      42
      42
      41
      50
      47
      40
      54
      34
      36
      51
      39
      38
      35
      37
      36
      45
      41
      37
      38
      40
      33
      38
      46
      35
      38
      41
      27
      40
      33
      36
      38
      43
      41
      39
      35
      34
      51
      36
      33
      34
      39
      42
      40
      24
      39
      37
      39
      33
      35
      30
      38
      39
      47
      31
      45
      41
      36
      45
      26
      49
      36
      32
      33
      39
      40
      32
      40
      29
      40
      35
      33
      28
      51
      44
      33
      36
      37
      32
      38
      33
      33
      39
      45
      31
      36
      33
      29
      34
      34
      35
      43
      32
      32
      26
      27
      30
      27
      27
      36
      32
      29
      24
      28
      37
      41
      33
      31
      41
      33
      32
      33
      30
      34
      48
      39
      40
      28
      27
      23
      27
      48
      38
      40
      42
      36
      28
      38
      27
      37
      40
      37
      35
      50
      31
      37
      34
      31
      35
      32
      50
      41
      30
      38
      33
      45
      56
      37
      41
      42
      33
      34
      26
      48
      35
      41
      44
      42
      41
      41
      40
      31
      36
      37
      22
      34
      38
      34
      32
      39
      28
      32
      33
      34
      40
      28
      28
      27
      21
      34
      34
      31
      19
      30
      20
      30
      32
      20
      15
      17
      27
      19
      19
      14
      29
      18
      14
      20
      18
      20
      18
      18
      28
      14
      15
      20
      24
      19
      16
      15
      10
       6
       2
       0
       0
       0
       0
       0
       0
       0
       0
       0
       0
       0
       0
       0
       0
       0
       0
       0
       0
       0
       0
       0
       0
       0
       0
       0
       0
       0
       0
       0
       0
       0
       0
       0
       0
       0
       0
       0
       0
       0
       0
       0
       0
       0
       0
       0
       0
$ROI:
1
147 177
$PRESETS:
None
0
0
$ENER_FIT:
0.000000 3.991138
$MCA_CAL:
3
0.000000E+000 3.991138E+000 0.000000E+000 keV
$SHAPE_CAL:
3
1.151547E+001 0.000000E+000 0.000000E+000
